0	0
0	0
0	0
0	0
0	0
0	0
0	0
0	0
0	0
0	0
0	0
0	0
0	0
0	0
0	0
0	0
0	0
0	0
0	0
0	0
0	0
0	0
0	0
0	0
0	0
0	0
0	0
0	0
0	0
0	0
0	0
0	0
0	0
0	0
0	0
0	0
0	0
0	0
0	0
0	0
0	0
0	0
0	0
0	0
0	0
0	0
0	0
0	0
0	0
0	0
0.02	0
0.02	0
0.02	0
0.02	0
0.02	0
0.02	0
0.02	0
0.02	0
0.02	0
0.02	0
0.02	0
0.02	0
0.02	0
0.02	0
0.02	0
0.02	0
0.02	0
0.02	0
0.02	0
0.02	0
0.02	0
0.02	0
0.02	0
0.02	0
0.02	0
0.02	0
0.02	0
0.02	0
0.02	0
0.02	0
0.02	0
0.02	0
0.02	0
0.02	0
0.02	0
0.02	0
0.02	0
0.02	0
0.02	0
0.02	0
0.02	0
0.02	0
0.02	0
0.02	0
0.02	0
0.02	0
0.02	0
0.02	0
0.02	0
0.02	0
0.04	0
0.04	0
0.04	0
0.04	0
0.04	0
0.04	0
0.04	0
0.04	0
0.04	0
0.04	0
0.04	0
0.04	0
0.04	0
0.04	0
0.04	0
0.04	0
0.04	0
0.04	0
0.04	0
0.04	0
0.04	0
0.04	0
0.04	0
0.04	0
0.04	0
0.04	0
0.04	0
0.04	0
0.04	0
0.04	0
0.04	0
0.04	0
0.04	0
0.04	0
0.04	0
0.04	0
0.04	0
0.04	0
0.04	0
0.04	0
0.04	0
0.04	0
0.04	0
0.04	0
0.04	0
0.04	0
0.04	0
0.04	0
0.04	0
0.04	0
0.06	0
0.06	0
0.06	0
0.06	0
0.06	0
0.06	0
0.06	0
0.06	0
0.06	0
0.06	0
0.06	0
0.06	0
0.06	0
0.06	0
0.06	0
0.06	0
0.06	0
0.06	0
0.06	0
0.06	0
0.06	0
0.06	0
0.06	0
0.06	0
0.06	0
0.06	0
0.06	0
0.06	0
0.06	0
0.06	0
0.06	0
0.06	0
0.06	0
0.06	0
0.06	0
0.06	0
0.06	0
0.06	0
0.06	0
0.06	0
0.06	0
0.06	0
0.06	0
0.06	0
0.06	0
0.06	0
0.06	0
0.06	0
0.06	0
0.06	0
0.08	0
0.08	0
0.08	0
0.08	0
0.08	0
0.08	0
0.08	0
0.08	0
0.08	0
0.08	0
0.08	0
0.08	0
0.08	0
0.08	0
0.08	0
0.08	0
0.08	0
0.08	0
0.08	0
0.08	0
0.08	0
0.08	0
0.08	0
0.08	0
0.08	0
0.08	0
0.08	0
0.08	0
0.08	0
0.08	0
0.08	0
0.08	0
0.08	0
0.08	0
0.08	0
0.08	0
0.08	0
0.08	0
0.08	0
0.08	0
0.08	0
0.08	0
0.08	0
0.08	0
0.08	0
0.08	0
0.08	0
0.08	0
0.08	0
0.08	0
0.1	0
0.1	0
0.1	0
0.1	0
0.1	0
0.1	0
0.1	0
0.1	0
0.1	50.3314
0.1	0
0.1	0
0.1	0
0.1	51.6608
0.1	0
0.1	0
0.1	0
0.1	0
0.1	0
0.1	0
0.1	54.6816
0.1	0
0.1	0
0.1	0
0.1	0
0.1	0
0.1	0
0.1	0
0.1	0
0.1	0
0.1	0
0.1	0
0.1	0
0.1	0
0.1	0
0.1	0
0.1	0
0.1	0
0.1	0
0.1	0
0.1	0
0.1	0
0.1	0
0.1	0
0.1	0
0.1	0
0.1	0
0.1	0
0.1	0
0.1	0
0.1	0
0.12	134.02
0.12	151.47
0.12	134.702
0.12	161.791
0.12	142.705
0.12	124.543
0.12	125.804
0.12	136.057
0.12	117.413
0.12	141.056
0.12	134.147
0.12	119.798
0.12	158.668
0.12	126.065
0.12	140.683
0.12	148.144
0.12	125.556
0.12	145.468
0.12	136.982
0.12	127.203
0.12	138.46
0.12	139.06
0.12	136.48
0.12	126.968
0.12	123.963
0.12	132.045
0.12	129.892
0.12	139.911
0.12	155.675
0.12	145.837
0.12	122.381
0.12	145.279
0.12	129.751
0.12	135.334
0.12	141.682
0.12	131.806
0.12	165.512
0.12	144.966
0.12	148.07
0.12	145.221
0.12	145.867
0.12	147.607
0.12	128.985
0.12	139.714
0.12	145.215
0.12	101.895
0.12	125.863
0.12	133.343
0.12	155.867
0.12	160.177
0.14	224.569
0.14	230.555
0.14	267.932
0.14	215.874
0.14	235.883
0.14	231.01
0.14	238.272
0.14	241.932
0.14	214.089
0.14	204.696
0.14	248.662
0.14	233.786
0.14	242.79
0.14	224.507
0.14	238.793
0.14	227.969
0.14	248.442
0.14	226.8
0.14	249.288
0.14	225.724
0.14	225.623
0.14	250.734
0.14	233.203
0.14	213.859
0.14	214.367
0.14	209.837
0.14	245.222
0.14	210.331
0.14	241.496
0.14	238.115
0.14	212.749
0.14	246.777
0.14	241.429
0.14	234.763
0.14	224.256
0.14	228.253
0.14	237.161
0.14	234.503
0.14	213.866
0.14	222.84
0.14	233.679
0.14	235.62
0.14	237.474
0.14	240.62
0.14	215.508
0.14	253.485
0.14	227.4
0.14	237.609
0.14	237.839
0.14	224.916
0.16	288.433
0.16	323.771
0.16	300.865
0.16	296.103
0.16	311.966
0.16	301.691
0.16	307.001
0.16	291.152
0.16	272.338
0.16	298.533
0.16	290.822
0.16	300.539
0.16	305.429
0.16	295.723
0.16	286.737
0.16	297.632
0.16	290.678
0.16	291.474
0.16	295.255
0.16	306.602
0.16	298.491
0.16	314.442
0.16	318.905
0.16	291.426
0.16	292.725
0.16	303.644
0.16	280.112
0.16	303.762
0.16	305.775
0.16	295.645
0.16	311.945
0.16	310.8
0.16	315.707
0.16	320.69
0.16	310.465
0.16	293.275
0.16	311.061
0.16	314.314
0.16	306.875
0.16	314.901
0.16	306.865
0.16	274.609
0.16	282.69
0.16	315.363
0.16	300.259
0.16	306.341
0.16	284.561
0.16	299.274
0.16	316.831
0.16	318.921
0.18	363.837
0.18	363.854
0.18	349.908
0.18	377.341
0.18	352.236
0.18	367.541
0.18	360.203
0.18	362.581
0.18	366.865
0.18	359.839
0.18	362.181
0.18	351.106
0.18	360.813
0.18	368.178
0.18	360.653
0.18	342.315
0.18	350.432
0.18	355.337
0.18	369.443
0.18	353.928
0.18	374.33
0.18	371.633
0.18	370.105
0.18	360.205
0.18	362.116
0.18	342.555
0.18	353.95
0.18	382.023
0.18	361.611
0.18	365.403
0.18	359.304
0.18	356.748
0.18	373.373
0.18	371.88
0.18	359.468
0.18	355.143
0.18	363.98
0.18	364.61
0.18	353.326
0.18	363.948
0.18	349.44
0.18	352.83
0.18	367.813
0.18	348.745
0.18	347.268
0.18	368.513
0.18	377.587
0.18	367.676
0.18	344.299
0.18	370.825
0.2	416.816
0.2	411.605
0.2	410.296
0.2	411.993
0.2	408.909
0.2	403.024
0.2	401.072
0.2	416.312
0.2	418.977
0.2	415.583
0.2	395.171
0.2	403.356
0.2	427.026
0.2	410.406
0.2	397.658
0.2	410.311
0.2	404.012
0.2	395.469
0.2	414.31
0.2	416.25
0.2	407.434
0.2	425.562
0.2	405.617
0.2	421.263
0.2	414.385
0.2	402.281
0.2	418.895
0.2	407.822
0.2	416.035
0.2	413.366
0.2	421.051
0.2	394.889
0.2	412.877
0.2	406.69
0.2	403.251
0.2	400.589
0.2	412.993
0.2	418.961
0.2	385.938
0.2	407.535
0.2	418.514
0.2	418.209
0.2	402.518
0.2	424.433
0.2	396.343
0.2	422.397
0.2	405.425
0.2	408.397
0.2	421.262
0.2	421.291
0.22	458.659
0.22	460.206
0.22	434.717
0.22	454.936
0.22	458.642
0.22	457.988
0.22	437.239
0.22	453.419
0.22	442.836
0.22	456.339
0.22	455.788
0.22	453.598
0.22	460.031
0.22	457.659
0.22	450.73
0.22	453.21
0.22	454.805
0.22	450.084
0.22	459.05
0.22	460.903
0.22	453.748
0.22	427.381
0.22	448.941
0.22	452.289
0.22	453.147
0.22	451.527
0.22	444.272
0.22	447.124
0.22	451.357
0.22	440.695
0.22	421.379
0.22	461.367
0.22	437.37
0.22	448.99
0.22	443.371
0.22	454.526
0.22	453.284
0.22	466.762
0.22	469.048
0.22	445.227
0.22	437.445
0.22	447.822
0.22	448.677
0.22	447.313
0.22	441.22
0.22	453.949
0.22	450.126
0.22	446.611
0.22	440.459
0.22	461.88
0.24	481.652
0.24	487.886
0.24	490.763
0.24	474.965
0.24	487.582
0.24	482.944
0.24	496.609
0.24	462.575
0.24	485.822
0.24	483.067
0.24	477.037
0.24	483.16
0.24	484.038
0.24	495.086
0.24	481.701
0.24	482.997
0.24	489.949
0.24	485.578
0.24	481.187
0.24	489.004
0.24	484.683
0.24	483.77
0.24	483.033
0.24	485.208
0.24	484.595
0.24	482.627
0.24	499.283
0.24	475.444
0.24	483.138
0.24	496.929
0.24	476.387
0.24	491.611
0.24	483.509
0.24	492.908
0.24	491.846
0.24	489.102
0.24	493.981
0.24	499.654
0.24	484.801
0.24	480.646
0.24	497.174
0.24	491.732
0.24	472.071
0.24	486.613
0.24	477.552
0.24	486.336
0.24	495.749
0.24	483.449
0.24	496.099
0.24	482.7
0.26	507.843
0.26	506.218
0.26	511.802
0.26	520.634
0.26	526.811
0.26	524.125
0.26	518.529
0.26	515.164
0.26	511.788
0.26	526.74
0.26	517.571
0.26	520.678
0.26	509.919
0.26	519.096
0.26	520.019
0.26	522.028
0.26	515.268
0.26	520.605
0.26	517.015
0.26	514.81
0.26	519.864
0.26	526.911
0.26	512.025
0.26	514.544
0.26	510.803
0.26	518.304
0.26	518.366
0.26	507.037
0.26	511.526
0.26	494.532
0.26	522.533
0.26	527.091
0.26	517.625
0.26	507.468
0.26	519.619
0.26	530.887
0.26	527.077
0.26	520.457
0.26	508.289
0.26	516.582
0.26	517.461
0.26	517.406
0.26	520.687
0.26	517.173
0.26	507.07
0.26	526.941
0.26	512.688
0.26	511.849
0.26	513.894
0.26	537.203
0.28	552.328
0.28	532.525
0.28	549.853
0.28	529.154
0.28	557.642
0.28	542.897
0.28	542.627
0.28	550.646
0.28	541.34
0.28	539.202
0.28	537.442
0.28	544.838
0.28	548.034
0.28	551.63
0.28	545.903
0.28	544.058
0.28	536.854
0.28	557.177
0.28	546.237
0.28	532.938
0.28	541.998
0.28	542.821
0.28	543.135
0.28	541.503
0.28	541.891
0.28	555.419
0.28	553.718
0.28	534.582
0.28	540.778
0.28	549.16
0.28	535.166
0.28	531.469
0.28	544.445
0.28	541.464
0.28	535.698
0.28	547.345
0.28	550.909
0.28	538.599
0.28	536.275
0.28	535.017
0.28	537.276
0.28	558.897
0.28	545.353
0.28	530.501
0.28	551.78
0.28	560.939
0.28	540.967
0.28	540.956
0.28	556.061
0.28	552.708
0.3	575.393
0.3	571.157
0.3	554.379
0.3	570.23
0.3	574.452
0.3	568.287
0.3	576.818
0.3	555.586
0.3	574.725
0.3	565.814
0.3	554.166
0.3	574.087
0.3	561.523
0.3	573.203
0.3	573.132
0.3	579.167
0.3	550.856
0.3	576.856
0.3	558.433
0.3	566.226
0.3	557.131
0.3	569.753
0.3	573.883
0.3	571.856
0.3	555.06
0.3	565.099
0.3	567.193
0.3	566.765
0.3	556.825
0.3	559.77
0.3	573.299
0.3	562.528
0.3	562.614
0.3	573.816
0.3	550.099
0.3	571.428
0.3	568.874
0.3	567.038
0.3	564.206
0.3	572.319
0.3	559.024
0.3	568.732
0.3	563.867
0.3	570.11
0.3	576.62
0.3	567.849
0.3	565.189
0.3	578.378
0.3	561.612
0.3	564.81
0.32	586.188
0.32	582.829
0.32	581.367
0.32	605.236
0.32	582.959
0.32	575.096
0.32	592.337
0.32	590.841
0.32	584.788
0.32	589.866
0.32	589.428
0.32	595.172
0.32	586.863
0.32	583.488
0.32	582.848
0.32	582.437
0.32	583.007
0.32	583.247
0.32	591.338
0.32	584.642
0.32	595.766
0.32	581.237
0.32	588.738
0.32	582.175
0.32	581.271
0.32	596.809
0.32	600.56
0.32	604.657
0.32	578.672
0.32	594.069
0.32	590.447
0.32	586.773
0.32	593.598
0.32	591.595
0.32	585.01
0.32	587.479
0.32	592.738
0.32	596.582
0.32	585.419
0.32	590.16
0.32	591.989
0.32	585.275
0.32	595.366
0.32	583.478
0.32	599.351
0.32	589.479
0.32	593.28
0.32	584.654
0.32	577.813
0.32	596.9
0.34	593.91
0.34	608.375
0.34	613.096
0.34	597.816
0.34	600.824
0.34	600.123
0.34	608.448
0.34	601.686
0.34	616.318
0.34	609.875
0.34	604.992
0.34	607.402
0.34	617.416
0.34	614.073
0.34	604.378
0.34	593.04
0.34	608.291
0.34	609.582
0.34	613.664
0.34	604.043
0.34	602.761
0.34	600.834
0.34	602.984
0.34	601.229
0.34	603.788
0.34	620.094
0.34	601.819
0.34	608.93
0.34	614.652
0.34	610.14
0.34	600.821
0.34	611.318
0.34	600.074
0.34	609.568
0.34	608.771
0.34	609.002
0.34	612.588
0.34	622.362
0.34	612.267
0.34	613.381
0.34	596.7
0.34	592.085
0.34	616.97
0.34	613.063
0.34	609.068
0.34	607.337
0.34	604.443
0.34	620.15
0.34	612.807
0.34	616.006
0.36	615.423
0.36	629.607
0.36	623.727
0.36	623.59
0.36	636.671
0.36	627.515
0.36	620.359
0.36	628.601
0.36	629.495
0.36	628.794
0.36	625.571
0.36	634.77
0.36	610.948
0.36	619.89
0.36	610.301
0.36	621.419
0.36	630.347
0.36	624.095
0.36	628.993
0.36	633.915
0.36	633.437
0.36	624.674
0.36	619.562
0.36	630.627
0.36	618.838
0.36	629.257
0.36	620.324
0.36	622.632
0.36	634.209
0.36	627.019
0.36	613.162
0.36	628.483
0.36	624.653
0.36	623.944
0.36	622.006
0.36	622.317
0.36	621.337
0.36	625.568
0.36	622.003
0.36	628.493
0.36	612.938
0.36	626.611
0.36	627.987
0.36	628.707
0.36	628.718
0.36	616.336
0.36	631.582
0.36	615.168
0.36	619.639
0.36	622.822
0.38	640.151
0.38	643.299
0.38	634.982
0.38	644.034
0.38	634.257
0.38	638.644
0.38	635.459
0.38	640.209
0.38	639.998
0.38	642.292
0.38	649.613
0.38	639.652
0.38	626.751
0.38	631.604
0.38	644.872
0.38	642.834
0.38	626.524
0.38	634.735
0.38	640.833
0.38	641.886
0.38	642.365
0.38	648.6
0.38	638.115
0.38	640.163
0.38	638.173
0.38	643.396
0.38	637.869
0.38	636.901
0.38	646.224
0.38	640.197
0.38	637.764
0.38	633.061
0.38	638.487
0.38	640.092
0.38	636.71
0.38	627.584
0.38	640.245
0.38	640.632
0.38	648.549
0.38	649.756
0.38	638.838
0.38	634.611
0.38	648.441
0.38	635.862
0.38	642.322
0.38	649.906
0.38	639.868
0.38	644.56
0.38	636.032
0.38	640.572
0.4	651.589
0.4	655.64
0.4	650.639
0.4	658.281
0.4	657.84
0.4	658.744
0.4	648.957
0.4	657.432
0.4	651.985
0.4	652.082
0.4	666.038
0.4	667.42
0.4	652.314
0.4	653.382
0.4	655.537
0.4	646.932
0.4	666.225
0.4	651.181
0.4	649.549
0.4	655.938
0.4	652.209
0.4	656.143
0.4	656.71
0.4	654.137
0.4	644.24
0.4	658.869
0.4	647.725
0.4	646.624
0.4	658.198
0.4	642.859
0.4	657.011
0.4	650.284
0.4	657.035
0.4	652.401
0.4	654.038
0.4	641.895
0.4	660.148
0.4	652.832
0.4	647.207
0.4	642.186
0.4	657.803
0.4	656.548
0.4	655.241
0.4	650.127
0.4	643.315
0.4	653.525
0.4	652.192
0.4	662.098
0.4	651.553
0.4	656.041
0.42	664.426
0.42	663.032
0.42	662.665
0.42	673.505
0.42	659.68
0.42	665.928
0.42	675.595
0.42	671.579
0.42	668.264
0.42	658.055
0.42	678.651
0.42	678.163
0.42	663.564
0.42	672.513
0.42	657.544
0.42	670.911
0.42	670.018
0.42	660.981
0.42	663.38
0.42	660.192
0.42	660.48
0.42	669.395
0.42	657.336
0.42	657.01
0.42	663.129
0.42	667.791
0.42	665.776
0.42	666.97
0.42	662.736
0.42	666.904
0.42	666.621
0.42	676.298
0.42	667.28
0.42	668.447
0.42	667.337
0.42	675.12
0.42	667.752
0.42	664.667
0.42	672.4
0.42	659.412
0.42	662.138
0.42	659.405
0.42	663.544
0.42	674.697
0.42	663.029
0.42	675.703
0.42	667.456
0.42	667.81
0.42	662.019
0.42	668.238
0.44	686.712
0.44	685.59
0.44	679.074
0.44	678.817
0.44	677.679
0.44	681.816
0.44	678.202
0.44	673.103
0.44	674.832
0.44	677.805
0.44	672.357
0.44	676.912
0.44	682.998
0.44	677.083
0.44	674.798
0.44	680.628
0.44	673.216
0.44	675.407
0.44	678.216
0.44	682.182
0.44	686.883
0.44	670.186
0.44	671.71
0.44	672.038
0.44	672.434
0.44	679.086
0.44	679.941
0.44	688.191
0.44	678.277
0.44	681.001
0.44	670.641
0.44	674.783
0.44	678.523
0.44	675.804
0.44	678.679
0.44	671.498
0.44	678.712
0.44	678.836
0.44	680.433
0.44	675.999
0.44	687.333
0.44	681.625
0.44	675.858
0.44	681.267
0.44	682.663
0.44	676.224
0.44	675.266
0.44	684.393
0.44	680.216
0.44	670.053
0.46	680.696
0.46	691.589
0.46	685.73
0.46	685.548
0.46	688.291
0.46	688.802
0.46	693.252
0.46	690.409
0.46	690.877
0.46	689.998
0.46	685.91
0.46	693.886
0.46	680.859
0.46	692.292
0.46	690.123
0.46	687.118
0.46	685.118
0.46	675.954
0.46	684.918
0.46	687.565
0.46	685.912
0.46	695.081
0.46	685.285
0.46	687.709
0.46	698.191
0.46	692.366
0.46	689.718
0.46	687.534
0.46	675.889
0.46	688.344
0.46	688.936
0.46	692.167
0.46	690.188
0.46	688.784
0.46	676.182
0.46	681.641
0.46	696.287
0.46	682.395
0.46	696.384
0.46	693.816
0.46	685.451
0.46	691.481
0.46	693.989
0.46	685.45
0.46	688.248
0.46	685.678
0.46	675.873
0.46	692.672
0.46	700.523
0.46	688.554
0.48	703.016
0.48	700.516
0.48	696.979
0.48	695.325
0.48	695.485
0.48	697.214
0.48	696.213
0.48	701.036
0.48	696.746
0.48	688.686
0.48	704.047
0.48	700.363
0.48	695.288
0.48	702.642
0.48	706.312
0.48	699.156
0.48	697.737
0.48	700.768
0.48	700.349
0.48	703.12
0.48	697.504
0.48	687.715
0.48	700.526
0.48	695.683
0.48	697.717
0.48	699.139
0.48	700.707
0.48	694.908
0.48	704.179
0.48	694.921
0.48	699.972
0.48	700.826
0.48	710.632
0.48	694.582
0.48	703.818
0.48	694.07
0.48	702.62
0.48	695.738
0.48	695.851
0.48	695.516
0.48	695.871
0.48	695.86
0.48	693.983
0.48	696.051
0.48	704.071
0.48	698.677
0.48	692.798
0.48	694.237
0.48	694.394
0.48	701.334
0.5	707.437
0.5	695.778
0.5	703.952
0.5	709.167
0.5	713.927
0.5	698.987
0.5	710.081
0.5	710.978
0.5	706.448
0.5	708.126
0.5	716.297
0.5	715.52
0.5	699.713
0.5	712.646
0.5	701.258
0.5	704.149
0.5	708.409
0.5	704.897
0.5	709.29
0.5	708.763
0.5	710.737
0.5	705.671
0.5	706.435
0.5	712.951
0.5	709.914
0.5	705.774
0.5	703.428
0.5	704.297
0.5	712.878
0.5	708.413
0.5	702.246
0.5	714.398
0.5	711.448
0.5	703.115
0.5	712.991
0.5	708.228
0.5	712.552
0.5	703.282
0.5	708.836
0.5	710.982
0.5	702.334
0.5	708.818
0.5	707.676
0.5	711.206
0.5	717.441
0.5	700.275
0.5	705.272
0.5	706.897
0.5	707.002
0.5	705.895
0.52	719.529
0.52	721.454
0.52	714.96
0.52	719.592
0.52	712.149
0.52	716.26
0.52	720.823
0.52	718.087
0.52	721.934
0.52	710.808
0.52	719.353
0.52	715.412
0.52	715.11
0.52	711.354
0.52	721.342
0.52	709.985
0.52	718.984
0.52	721.458
0.52	720.925
0.52	718.901
0.52	715.792
0.52	705.611
0.52	719.396
0.52	698.863
0.52	725.372
0.52	715.016
0.52	727.884
0.52	712.094
0.52	710.48
0.52	718.316
0.52	719.58
0.52	720.871
0.52	716.13
0.52	712.141
0.52	715.286
0.52	711.796
0.52	712.922
0.52	717.401
0.52	710.506
0.52	714.791
0.52	720.822
0.52	716.331
0.52	718.108
0.52	717.023
0.52	717.949
0.52	712.214
0.52	713.081
0.52	714.766
0.52	717.616
0.52	710.078
0.54	720.743
0.54	726.299
0.54	725.632
0.54	719.605
0.54	726.115
0.54	729.869
0.54	719.97
0.54	725.343
0.54	729.973
0.54	722.181
0.54	724.581
0.54	724.589
0.54	719.565
0.54	725.028
0.54	733.172
0.54	728.062
0.54	728.613
0.54	725.965
0.54	717.521
0.54	724.773
0.54	722.707
0.54	721.09
0.54	722.758
0.54	726.485
0.54	721.586
0.54	728.156
0.54	726.729
0.54	720.528
0.54	722.575
0.54	728.592
0.54	713.233
0.54	718.393
0.54	727.064
0.54	723.501
0.54	724.799
0.54	713.453
0.54	732.217
0.54	729.358
0.54	729.574
0.54	720.845
0.54	724.548
0.54	723.443
0.54	717.424
0.54	729.023
0.54	721.072
0.54	724.243
0.54	728.457
0.54	729.437
0.54	728.589
0.54	722.406
0.56	742.309
0.56	737.701
0.56	738.92
0.56	734.229
0.56	736.908
0.56	727.693
0.56	733.187
0.56	737.855
0.56	726.185
0.56	737.458
0.56	731.916
0.56	740.319
0.56	736
0.56	738.989
0.56	730.635
0.56	731.876
0.56	730.373
0.56	734.636
0.56	732.378
0.56	738.272
0.56	738.71
0.56	726.971
0.56	736.105
0.56	737.39
0.56	734.062
0.56	736.373
0.56	724.188
0.56	734.557
0.56	727.74
0.56	738.723
0.56	728.596
0.56	730.865
0.56	729.135
0.56	732.634
0.56	731.887
0.56	721.124
0.56	735.327
0.56	735.842
0.56	733.293
0.56	733.419
0.56	735.558
0.56	742.019
0.56	737.055
0.56	726.77
0.56	732.737
0.56	728.197
0.56	737.103
0.56	734.263
0.56	739.919
0.56	732.982
0.58	741.488
0.58	740.638
0.58	748.873
0.58	736.521
0.58	738.069
0.58	738.769
0.58	736.516
0.58	736.448
0.58	738.736
0.58	742.955
0.58	737.366
0.58	741.572
0.58	744.884
0.58	739.794
0.58	731.769
0.58	738.781
0.58	737.445
0.58	744.549
0.58	745.426
0.58	742.244
0.58	732.157
0.58	741.031
0.58	744.99
0.58	741.102
0.58	744.76
0.58	747.169
0.58	738.052
0.58	746.754
0.58	737.209
0.58	745.546
0.58	738.083
0.58	743.009
0.58	742.905
0.58	734.851
0.58	738.676
0.58	743.837
0.58	733.655
0.58	738.96
0.58	733.365
0.58	736.574
0.58	737.212
0.58	740.796
0.58	739.991
0.58	735.823
0.58	733.124
0.58	723.981
0.58	731.112
0.58	741.165
0.58	738.487
0.58	739.467
0.6	737.758
0.6	754.741
0.6	741.824
0.6	753.699
0.6	753.138
0.6	731.816
0.6	746.124
0.6	748.12
0.6	743.914
0.6	746.802
0.6	748.544
0.6	752.56
0.6	744.296
0.6	738.381
0.6	743.275
0.6	745.965
0.6	748.186
0.6	740.146
0.6	750.624
0.6	752.78
0.6	743.863
0.6	741.967
0.6	749.94
0.6	746.075
0.6	745.848
0.6	742.251
0.6	746.946
0.6	736.867
0.6	749.717
0.6	747.076
0.6	747.08
0.6	744.402
0.6	743.082
0.6	744.408
0.6	754.581
0.6	748.275
0.6	743.982
0.6	744.74
0.6	742.367
0.6	744.712
0.6	745.305
0.6	751.176
0.6	751.856
0.6	741.534
0.6	743.72
0.6	747.658
0.6	752.266
0.6	746.451
0.6	743.496
0.6	747.173
0.62	754.706
0.62	754.621
0.62	760.476
0.62	742.229
0.62	751.807
0.62	751.553
0.62	751.641
0.62	741.748
0.62	755.193
0.62	759.045
0.62	750.029
0.62	757.863
0.62	748.971
0.62	753.443
0.62	749.75
0.62	748.939
0.62	752.779
0.62	740.412
0.62	753.678
0.62	752.493
0.62	751.759
0.62	747.676
0.62	754.539
0.62	751.042
0.62	741.414
0.62	749.66
0.62	756.16
0.62	753.306
0.62	758.952
0.62	753.786
0.62	742.805
0.62	751.582
0.62	753.938
0.62	756.168
0.62	748.517
0.62	760.424
0.62	754.77
0.62	749.47
0.62	752.408
0.62	758.182
0.62	754.534
0.62	752.781
0.62	740.731
0.62	755.818
0.62	749.928
0.62	753.514
0.62	748.026
0.62	747.955
0.62	759.056
0.62	755.48
0.64	755.378
0.64	749.163
0.64	757.743
0.64	751.888
0.64	756.305
0.64	751.42
0.64	747.065
0.64	754.035
0.64	755.087
0.64	761.619
0.64	761.023
0.64	755.294
0.64	762.425
0.64	762.083
0.64	749.084
0.64	757.107
0.64	759.155
0.64	758.739
0.64	755.265
0.64	753.308
0.64	756.725
0.64	758.984
0.64	759.08
0.64	757.566
0.64	758.879
0.64	759.029
0.64	755.617
0.64	758.448
0.64	756.189
0.64	760.671
0.64	763.396
0.64	757.282
0.64	754.733
0.64	748.71
0.64	759.108
0.64	752.189
0.64	757.943
0.64	758.404
0.64	756.039
0.64	760.159
0.64	758.193
0.64	762.577
0.64	755.877
0.64	753.947
0.64	763.552
0.64	761.262
0.64	753.297
0.64	759.633
0.64	752.444
0.64	755.808
0.66	764.275
0.66	758.884
0.66	762.981
0.66	767.707
0.66	764.66
0.66	761.659
0.66	761.108
0.66	766.734
0.66	759.577
0.66	760.632
0.66	769.086
0.66	765.094
0.66	770.123
0.66	757.207
0.66	767.113
0.66	760.176
0.66	767.29
0.66	764.83
0.66	764.213
0.66	760.515
0.66	756.8
0.66	765.965
0.66	764.094
0.66	761.486
0.66	761.103
0.66	771.123
0.66	761.173
0.66	762.336
0.66	761.841
0.66	758.904
0.66	765.361
0.66	765.394
0.66	767.487
0.66	764.508
0.66	759.775
0.66	765.995
0.66	768.959
0.66	767.817
0.66	767.26
0.66	762.578
0.66	759.025
0.66	758.133
0.66	759.448
0.66	761.72
0.66	760.335
0.66	762.66
0.66	759.962
0.66	768.42
0.66	765.321
0.66	756.589
0.68	770.932
0.68	768.918
0.68	771.345
0.68	768.65
0.68	772.305
0.68	768.986
0.68	772.349
0.68	764.561
0.68	774.797
0.68	767.924
0.68	766.121
0.68	771.266
0.68	767.87
0.68	769.57
0.68	763.231
0.68	768.978
0.68	771.459
0.68	766.016
0.68	764.762
0.68	763.513
0.68	765.759
0.68	767.114
0.68	766.516
0.68	769.359
0.68	765.108
0.68	771.227
0.68	769.318
0.68	773.109
0.68	773.779
0.68	771.439
0.68	764.945
0.68	766.121
0.68	775.324
0.68	768.758
0.68	767.268
0.68	773.606
0.68	770.11
0.68	761.615
0.68	763.233
0.68	771.46
0.68	767.564
0.68	766.018
0.68	771.015
0.68	768.599
0.68	764.163
0.68	765.898
0.68	766.272
0.68	766.262
0.68	764.945
0.68	770.874
0.7	764.669
0.7	766.166
0.7	769.453
0.7	768.519
0.7	772.993
0.7	774.628
0.7	779.163
0.7	771.29
0.7	778.171
0.7	772.257
0.7	768.869
0.7	768.68
0.7	778.284
0.7	768.675
0.7	774.441
0.7	771.315
0.7	778.865
0.7	776.832
0.7	771.636
0.7	771.737
0.7	771.975
0.7	769.284
0.7	777.319
0.7	774.388
0.7	778.329
0.7	767.26
0.7	774.494
0.7	782.212
0.7	769.865
0.7	768.193
0.7	774.464
0.7	775.944
0.7	778.449
0.7	769.817
0.7	779.845
0.7	778.068
0.7	775.653
0.7	770.312
0.7	771.763
0.7	776.286
0.7	769.804
0.7	777.022
0.7	776.007
0.7	769.595
0.7	770.639
0.7	772.704
0.7	777.442
0.7	769.884
0.7	776.161
0.7	771.924
0.72	778.214
0.72	776.493
0.72	779.936
0.72	778.894
0.72	775.242
0.72	777.112
0.72	782.473
0.72	772.841
0.72	774.424
0.72	771.645
0.72	775.612
0.72	778.135
0.72	776.601
0.72	776.684
0.72	773.642
0.72	768.435
0.72	779.682
0.72	783.251
0.72	778.825
0.72	767.89
0.72	787.093
0.72	781.403
0.72	779.137
0.72	780.001
0.72	780.004
0.72	777.333
0.72	785.102
0.72	780.974
0.72	779.802
0.72	778.084
0.72	772.791
0.72	773.625
0.72	783.005
0.72	771.187
0.72	781.652
0.72	779.761
0.72	776.913
0.72	779.576
0.72	780.348
0.72	778.616
0.72	776.14
0.72	779.133
0.72	783.844
0.72	773.354
0.72	771.098
0.72	778.382
0.72	777.767
0.72	783.715
0.72	781.454
0.72	782.06
0.74	779.215
0.74	788.887
0.74	780.327
0.74	775.264
0.74	778.605
0.74	780.26
0.74	783.928
0.74	784.078
0.74	789.135
0.74	782.431
0.74	781.86
0.74	782.35
0.74	785.607
0.74	783.721
0.74	783.294
0.74	778.58
0.74	778.4
0.74	786.485
0.74	785.81
0.74	781.52
0.74	776.831
0.74	780.781
0.74	781.567
0.74	782.742
0.74	782.201
0.74	789.167
0.74	784.86
0.74	780.46
0.74	783.229
0.74	783.003
0.74	779.553
0.74	783.78
0.74	778.874
0.74	778.742
0.74	777.846
0.74	776.929
0.74	781.346
0.74	783.407
0.74	778.133
0.74	788.49
0.74	777.973
0.74	779.723
0.74	781.138
0.74	781.624
0.74	785.485
0.74	783.537
0.74	782.57
0.74	788.996
0.74	786.248
0.74	783.538
0.76	786.362
0.76	790.037
0.76	786.14
0.76	788.905
0.76	791.087
0.76	789.012
0.76	781.042
0.76	784.944
0.76	784.965
0.76	788.633
0.76	780.133
0.76	788.974
0.76	787.74
0.76	789.48
0.76	786.542
0.76	784.526
0.76	780.598
0.76	785.977
0.76	783.699
0.76	788.942
0.76	782.539
0.76	791.318
0.76	785.19
0.76	780.881
0.76	782.969
0.76	791.403
0.76	789.059
0.76	781.611
0.76	786.836
0.76	782.334
0.76	787.697
0.76	794.766
0.76	781.59
0.76	791.982
0.76	786.261
0.76	790.295
0.76	786.463
0.76	793.019
0.76	788.162
0.76	787.389
0.76	786.506
0.76	785.251
0.76	787.425
0.76	784.281
0.76	794.521
0.76	790.24
0.76	787.163
0.76	784.762
0.76	784.638
0.76	780.933
0.78	783.775
0.78	791.248
0.78	788.789
0.78	794.178
0.78	788.203
0.78	794.47
0.78	788.794
0.78	794.817
0.78	791.081
0.78	795.695
0.78	785.818
0.78	789.533
0.78	786.804
0.78	783.276
0.78	791.644
0.78	784.995
0.78	792.107
0.78	786.607
0.78	786.057
0.78	787.591
0.78	786.89
0.78	787.982
0.78	796.68
0.78	788.761
0.78	794.373
0.78	789.624
0.78	795.683
0.78	784.45
0.78	791.694
0.78	791.594
0.78	784.967
0.78	785.999
0.78	789.278
0.78	800.158
0.78	799.964
0.78	791.481
0.78	789.609
0.78	785.599
0.78	790.086
0.78	784.176
0.78	793.599
0.78	794.079
0.78	787.364
0.78	789.948
0.78	794.044
0.78	790.62
0.78	787.528
0.78	789.46
0.78	793.064
0.78	788.403
0.8	790.524
0.8	793.386
0.8	790.054
0.8	795.958
0.8	791.601
0.8	790.023
0.8	796.462
0.8	793.388
0.8	795.58
0.8	796.772
0.8	802.523
0.8	784.841
0.8	792.512
0.8	796.313
0.8	794.266
0.8	797.08
0.8	796.161
0.8	793.741
0.8	791.382
0.8	796.623
0.8	792.086
0.8	792.532
0.8	794.198
0.8	793.072
0.8	794.433
0.8	796.21
0.8	799.32
0.8	798.042
0.8	790.394
0.8	795.725
0.8	790.697
0.8	794.055
0.8	785.463
0.8	797.488
0.8	790.518
0.8	795.321
0.8	792.362
0.8	794.523
0.8	790.205
0.8	795.369
0.8	793.053
0.8	797.755
0.8	791.506
0.8	794.613
0.8	793.892
0.8	795.845
0.8	799.924
0.8	792.764
0.8	791.087
0.8	796.37
0.82	797.827
0.82	796.499
0.82	801.831
0.82	795.274
0.82	801.668
0.82	795.418
0.82	798.076
0.82	793.48
0.82	801
0.82	790.056
0.82	799.756
0.82	792.419
0.82	800.603
0.82	803.801
0.82	799.845
0.82	803.514
0.82	800.132
0.82	794.204
0.82	799.643
0.82	801.454
0.82	797.817
0.82	797.693
0.82	804.585
0.82	795.901
0.82	800.743
0.82	798.855
0.82	794.987
0.82	794.55
0.82	800.236
0.82	793.813
0.82	806.533
0.82	800.731
0.82	798.975
0.82	791.104
0.82	799.094
0.82	797.83
0.82	802.945
0.82	796.977
0.82	794.176
0.82	802.425
0.82	802.896
0.82	801.414
0.82	803.586
0.82	803.661
0.82	801.464
0.82	793.29
0.82	797.881
0.82	801.844
0.82	792.611
0.82	798.139
0.84	807.709
0.84	802.875
0.84	799.751
0.84	800.658
0.84	797.247
0.84	801.022
0.84	798.025
0.84	801.745
0.84	800.068
0.84	799.726
0.84	798.181
0.84	803.707
0.84	796.569
0.84	801.024
0.84	801.281
0.84	805.871
0.84	800.051
0.84	804.504
0.84	799.168
0.84	801.844
0.84	804.566
0.84	799.089
0.84	803.395
0.84	802.15
0.84	801.969
0.84	800.959
0.84	801.957
0.84	796.858
0.84	802.076
0.84	797.251
0.84	802.059
0.84	803.638
0.84	800.56
0.84	795.496
0.84	800.391
0.84	804.407
0.84	803.404
0.84	807.613
0.84	800.471
0.84	800.282
0.84	804.481
0.84	803.338
0.84	800.57
0.84	802.961
0.84	802.044
0.84	795.349
0.84	806.384
0.84	806.346
0.84	800.538
0.84	801.22
0.86	804.133
0.86	808.398
0.86	802.43
0.86	801.743
0.86	803.96
0.86	805.568
0.86	806.758
0.86	806.709
0.86	807.568
0.86	804.241
0.86	805.064
0.86	805.801
0.86	803.478
0.86	800.926
0.86	808.089
0.86	806.774
0.86	803.679
0.86	802.833
0.86	806.412
0.86	807.261
0.86	806.296
0.86	803.779
0.86	804.95
0.86	806.368
0.86	807.358
0.86	806.907
0.86	798.944
0.86	804.33
0.86	807.093
0.86	806.62
0.86	803.269
0.86	812.065
0.86	806.286
0.86	806.193
0.86	806.115
0.86	798.56
0.86	805.274
0.86	804.11
0.86	798.878
0.86	807.982
0.86	804.829
0.86	807.668
0.86	800.731
0.86	805.033
0.86	803.031
0.86	799.535
0.86	806.27
0.86	808.062
0.86	808.965
0.86	804.705
0.88	807.722
0.88	807.962
0.88	806.501
0.88	812.885
0.88	808.218
0.88	806.615
0.88	810.708
0.88	802.405
0.88	807.253
0.88	811.32
0.88	804.295
0.88	810.009
0.88	801.124
0.88	805.611
0.88	806.468
0.88	805.095
0.88	808.723
0.88	809.011
0.88	817.524
0.88	798.356
0.88	805.298
0.88	809.183
0.88	806.382
0.88	813.023
0.88	810.17
0.88	805.276
0.88	806.4
0.88	811.429
0.88	807.526
0.88	807.378
0.88	808.419
0.88	806.423
0.88	805.675
0.88	807.383
0.88	800.644
0.88	807.857
0.88	815.111
0.88	806.576
0.88	806.604
0.88	807.328
0.88	807.512
0.88	807.517
0.88	806.098
0.88	803.955
0.88	805.92
0.88	804.308
0.88	803.596
0.88	808.186
0.88	802.101
0.88	814.675
0.9	810.255
0.9	812.474
0.9	816.777
0.9	807.179
0.9	811.789
0.9	805.607
0.9	813.574
0.9	813.566
0.9	808.004
0.9	813.19
0.9	814.268
0.9	812.812
0.9	808.253
0.9	812.8
0.9	806.765
0.9	813.203
0.9	811.114
0.9	805.874
0.9	807.071
0.9	811.65
0.9	811.46
0.9	811.022
0.9	808.107
0.9	808.512
0.9	806.537
0.9	811.468
0.9	811.284
0.9	808.576
0.9	815.714
0.9	811.392
0.9	814.257
0.9	815.989
0.9	810.427
0.9	805.409
0.9	811.921
0.9	807.799
0.9	811.928
0.9	812.996
0.9	808.561
0.9	813.438
0.9	816.417
0.9	808.057
0.9	813.506
0.9	810.383
0.9	815.233
0.9	809.595
0.9	811.243
0.9	811.403
0.9	814.707
0.9	807.95
0.92	809.656
0.92	815.395
0.92	813.959
0.92	813.87
0.92	811.304
0.92	817.772
0.92	815.758
0.92	813.06
0.92	811.418
0.92	811.157
0.92	813.93
0.92	816.318
0.92	816.343
0.92	813.669
0.92	806.819
0.92	810.601
0.92	816.411
0.92	816.018
0.92	816.201
0.92	816.791
0.92	813.532
0.92	812.634
0.92	816.812
0.92	811.337
0.92	806.609
0.92	811.809
0.92	813.743
0.92	817.599
0.92	813.442
0.92	816.385
0.92	818.628
0.92	813.97
0.92	809.345
0.92	820.641
0.92	814.451
0.92	811.651
0.92	811.281
0.92	816.911
0.92	810.874
0.92	818.089
0.92	812.038
0.92	817.419
0.92	810.657
0.92	812.237
0.92	811.186
0.92	810.107
0.92	815.584
0.92	817.851
0.92	818.264
0.92	812.362
0.94	816.176
0.94	820.154
0.94	820.937
0.94	816.583
0.94	813.732
0.94	819.188
0.94	821.464
0.94	815.997
0.94	819.469
0.94	813
0.94	819.113
0.94	823.538
0.94	820.369
0.94	814.56
0.94	817.89
0.94	815.432
0.94	815.413
0.94	817.141
0.94	818.996
0.94	819.943
0.94	821.364
0.94	811.363
0.94	813.576
0.94	819.098
0.94	814.66
0.94	818.46
0.94	813.646
0.94	817.611
0.94	817.796
0.94	814.914
0.94	815.922
0.94	813.117
0.94	819.27
0.94	816.668
0.94	813.924
0.94	813.908
0.94	817.873
0.94	821.468
0.94	820.858
0.94	816.704
0.94	816.167
0.94	816.006
0.94	814.883
0.94	813.847
0.94	810.639
0.94	821.149
0.94	819.24
0.94	823.11
0.94	811.529
0.94	819.39
0.96	818.312
0.96	822.27
0.96	821.401
0.96	827.102
0.96	822.936
0.96	817.692
0.96	823.384
0.96	822.454
0.96	816.96
0.96	823.256
0.96	820.407
0.96	817.927
0.96	820.854
0.96	821.823
0.96	810.274
0.96	823.636
0.96	821.38
0.96	822.137
0.96	820.203
0.96	821.936
0.96	819.716
0.96	820.627
0.96	815.395
0.96	821.911
0.96	821.127
0.96	813.836
0.96	820.698
0.96	814.737
0.96	817.733
0.96	821.456
0.96	812.357
0.96	820.53
0.96	815.385
0.96	821.347
0.96	821.171
0.96	818.416
0.96	821.377
0.96	821.672
0.96	821.868
0.96	820.576
0.96	825.821
0.96	821.961
0.96	821.231
0.96	820.566
0.96	814.153
0.96	822.131
0.96	821.421
0.96	820.738
0.96	818.896
0.96	817.637
0.98	821.66
0.98	820.378
0.98	816.697
0.98	827.937
0.98	822.995
0.98	830.631
0.98	821.791
0.98	824.275
0.98	820.321
0.98	822.861
0.98	819.186
0.98	819.768
0.98	816.276
0.98	822.272
0.98	823.533
0.98	825.894
0.98	825.962
0.98	828.334
0.98	823.145
0.98	822.707
0.98	825.879
0.98	822.391
0.98	822.309
0.98	824.387
0.98	824.196
0.98	819.513
0.98	822.667
0.98	822.465
0.98	822.254
0.98	822.768
0.98	822.456
0.98	822.704
0.98	826.035
0.98	825.081
0.98	828.938
0.98	820.115
0.98	818.661
0.98	826.069
0.98	823.933
0.98	824.03
0.98	822.387
0.98	820.44
0.98	822.925
0.98	821.892
0.98	821.357
0.98	825.105
0.98	823.545
0.98	826.709
0.98	821.865
0.98	828.72
1	827.58
1	821.852
1	827.338
1	823.759
1	824.706
1	825.974
1	821.245
1	822.913
1	827.461
1	825.72
1	821.884
1	826.228
1	825.781
1	818.721
1	824.108
1	821.187
1	823.587
1	825.266
1	827.057
1	825.037
1	827.916
1	823.194
1	820.517
1	825.805
1	821.815
1	827.814
1	824.371
1	822.774
1	828.567
1	821.337
1	825.376
1	821.379
1	828.519
1	824.787
1	824.159
1	818.548
1	818.437
1	828.187
1	825.456
1	826.569
1	827.658
1	823.367
1	826.936
1	825.676
1	823.967
1	820.665
1	824.796
1	825.18
1	821.418
1	826.392
