0	0
0	0
0	0
0	0
0	0
0	0
0	0
0	0
0	0
0	0
0	0
0	0
0	0
0	0
0	0
0	0
0	0
0	0
0	0
0	0
0	0
0	0
0	0
0	0
0	0
0	0
0	0
0	0
0	0
0	0
0	0
0	0
0	0
0	0
0	0
0	0
0	0
0	0
0	0
0	0
0	0
0	0
0	0
0	0
0	0
0	0
0	0
0	0
0	0
0	0
0.02	0
0.02	0
0.02	0
0.02	0
0.02	0
0.02	0
0.02	0
0.02	0
0.02	0
0.02	0
0.02	0
0.02	0
0.02	0
0.02	0
0.02	0
0.02	0
0.02	0
0.02	0
0.02	0
0.02	0
0.02	0
0.02	0
0.02	0
0.02	0
0.02	0
0.02	0
0.02	0
0.02	0
0.02	0
0.02	0
0.02	0
0.02	0
0.02	0
0.02	0
0.02	0
0.02	0
0.02	0
0.02	0
0.02	0
0.02	0
0.02	0
0.02	0
0.02	0
0.02	0
0.02	0
0.02	0
0.02	0
0.02	0
0.02	0
0.02	0
0.04	0
0.04	0
0.04	0
0.04	0
0.04	0
0.04	0
0.04	0
0.04	0
0.04	0
0.04	0
0.04	0
0.04	0
0.04	0
0.04	0
0.04	0
0.04	0
0.04	0
0.04	0
0.04	0
0.04	0
0.04	0
0.04	0
0.04	0
0.04	0
0.04	0
0.04	0
0.04	0
0.04	0
0.04	0
0.04	0
0.04	0
0.04	0
0.04	0
0.04	0
0.04	0
0.04	0
0.04	0
0.04	0
0.04	0
0.04	0
0.04	0
0.04	0
0.04	0
0.04	0
0.04	0
0.04	0
0.04	0
0.04	0
0.04	0
0.04	0
0.06	0
0.06	0
0.06	0
0.06	0
0.06	0
0.06	0
0.06	0
0.06	0
0.06	0
0.06	0
0.06	0
0.06	0
0.06	0
0.06	0
0.06	0
0.06	0
0.06	0
0.06	0
0.06	0
0.06	0
0.06	0
0.06	0
0.06	0
0.06	0
0.06	0
0.06	0
0.06	0
0.06	0
0.06	0
0.06	0
0.06	0
0.06	0
0.06	0
0.06	0
0.06	0
0.06	0
0.06	0
0.06	0
0.06	0
0.06	0
0.06	0
0.06	0
0.06	0
0.06	0
0.06	0
0.06	0
0.06	0
0.06	0
0.06	0
0.06	0
0.08	82.3162
0.08	66.0451
0.08	104.817
0.08	84.4822
0.08	89.285
0.08	100.061
0.08	115.821
0.08	97.3918
0.08	93.1786
0.08	73.7678
0.08	84.6753
0.08	91.7304
0.08	99.6244
0.08	88.9499
0.08	102.861
0.08	101.732
0.08	84.5139
0.08	96.3715
0.08	88.8941
0.08	84.1922
0.08	92.2508
0.08	95.3125
0.08	104.836
0.08	87.7998
0.08	88.9133
0.08	88.9459
0.08	88.5634
0.08	91.2471
0.08	88.9233
0.08	95.3224
0.08	87.6703
0.08	87.5778
0.08	99.3491
0.08	86.2485
0.08	92.3052
0.08	83.4794
0.08	86.1832
0.08	83.0152
0.08	81.8444
0.08	108.589
0.08	83.0872
0.08	89.1193
0.08	86.4992
0.08	84.0241
0.08	82.3998
0.08	93.0572
0.08	80.4061
0.08	90.8978
0.08	91.7883
0.08	103.926
0.1	156.833
0.1	173.955
0.1	167.369
0.1	171.186
0.1	170.627
0.1	174.718
0.1	165.919
0.1	160.906
0.1	166.165
0.1	172.069
0.1	170.036
0.1	172.651
0.1	165.724
0.1	177.786
0.1	162.367
0.1	161.281
0.1	160.683
0.1	171.885
0.1	178.847
0.1	168.845
0.1	159.905
0.1	160.22
0.1	175.612
0.1	166.565
0.1	168.62
0.1	166.861
0.1	172.497
0.1	161.324
0.1	172.377
0.1	171.597
0.1	156.125
0.1	176.917
0.1	170.985
0.1	167.809
0.1	171.661
0.1	167.911
0.1	170.221
0.1	155.436
0.1	172.812
0.1	162.091
0.1	161.404
0.1	159.956
0.1	185.25
0.1	168.55
0.1	175.992
0.1	172.443
0.1	166.645
0.1	169.3
0.1	173.276
0.1	188.532
0.12	243.292
0.12	237.565
0.12	216.733
0.12	236.194
0.12	242.575
0.12	218.94
0.12	232.344
0.12	235.972
0.12	231.709
0.12	238.542
0.12	217.926
0.12	237.902
0.12	236.392
0.12	222.409
0.12	232.076
0.12	228.424
0.12	218.66
0.12	226.635
0.12	215.186
0.12	231.036
0.12	226.97
0.12	216.58
0.12	226.435
0.12	218.768
0.12	227.624
0.12	228.382
0.12	219.853
0.12	234.464
0.12	249.223
0.12	230.389
0.12	216.965
0.12	232.368
0.12	230.695
0.12	235.69
0.12	236.963
0.12	237.456
0.12	222.249
0.12	234.329
0.12	228.707
0.12	231.346
0.12	226.215
0.12	233.507
0.12	223.14
0.12	237.846
0.12	228.516
0.12	219.07
0.12	232.064
0.12	243.399
0.12	244.45
0.12	229.933
0.14	283.92
0.14	279.152
0.14	266.639
0.14	285.108
0.14	266.72
0.14	276.362
0.14	277.45
0.14	282.145
0.14	275.72
0.14	270.606
0.14	280.317
0.14	270.025
0.14	290.872
0.14	275.964
0.14	295.107
0.14	277.655
0.14	270.297
0.14	281.806
0.14	276.409
0.14	288.715
0.14	267.089
0.14	286.072
0.14	274.526
0.14	273.251
0.14	283.068
0.14	290.258
0.14	277.909
0.14	279.986
0.14	274.013
0.14	285.389
0.14	279.882
0.14	281.646
0.14	277.306
0.14	271.721
0.14	276.048
0.14	289.033
0.14	262.931
0.14	273.31
0.14	286.31
0.14	268.855
0.14	281.081
0.14	274.831
0.14	276.267
0.14	272.32
0.14	269.897
0.14	269.941
0.14	288.796
0.14	274.82
0.14	274.039
0.14	273.58
0.16	303.608
0.16	312.505
0.16	312.308
0.16	316.21
0.16	313.388
0.16	310.603
0.16	310.66
0.16	318.247
0.16	313.79
0.16	323.935
0.16	305.948
0.16	314.708
0.16	308.434
0.16	310.417
0.16	312.51
0.16	314.556
0.16	312.858
0.16	319.548
0.16	303.498
0.16	326.172
0.16	309.894
0.16	316.269
0.16	320.205
0.16	320.226
0.16	313.095
0.16	314.037
0.16	318.725
0.16	310.982
0.16	316.31
0.16	317.355
0.16	313.006
0.16	322.513
0.16	311.562
0.16	308.131
0.16	315.321
0.16	309.739
0.16	316.818
0.16	309.37
0.16	324.251
0.16	314.32
0.16	314.078
0.16	325.323
0.16	328.711
0.16	313.882
0.16	307.678
0.16	317.351
0.16	303.381
0.16	303.816
0.16	317.515
0.16	313.252
0.18	340.862
0.18	338.426
0.18	349.825
0.18	348.424
0.18	336.525
0.18	338.879
0.18	337.066
0.18	346.108
0.18	331.217
0.18	350.153
0.18	336.032
0.18	343.93
0.18	345.594
0.18	335.506
0.18	346.138
0.18	336.815
0.18	334.194
0.18	335.416
0.18	336.778
0.18	343.191
0.18	345.1
0.18	344.485
0.18	336.332
0.18	338.895
0.18	336.263
0.18	340.811
0.18	342.079
0.18	342.087
0.18	335.321
0.18	351.622
0.18	339.779
0.18	352.333
0.18	350.473
0.18	350.304
0.18	351.463
0.18	352.168
0.18	347.853
0.18	335.126
0.18	340.789
0.18	342.689
0.18	340.786
0.18	341.202
0.18	340.292
0.18	344.33
0.18	337.737
0.18	345.862
0.18	347.286
0.18	344.089
0.18	348.997
0.18	342.843
0.2	370.428
0.2	370.696
0.2	359.092
0.2	368.2
0.2	372.563
0.2	362.557
0.2	366.394
0.2	365.054
0.2	361.078
0.2	368.077
0.2	367.953
0.2	365.291
0.2	366.098
0.2	361.832
0.2	361.901
0.2	372.453
0.2	365.299
0.2	375.277
0.2	368.896
0.2	363.7
0.2	370.131
0.2	357.811
0.2	371.735
0.2	363.901
0.2	371.257
0.2	370.599
0.2	366.409
0.2	374.474
0.2	366.938
0.2	369.944
0.2	369.304
0.2	368.249
0.2	365.357
0.2	368.168
0.2	364.19
0.2	368.883
0.2	370.033
0.2	373.32
0.2	365.192
0.2	373.456
0.2	365.622
0.2	365.122
0.2	364.11
0.2	358.554
0.2	368.038
0.2	372.968
0.2	367.432
0.2	362.683
0.2	364.377
0.2	365.799
0.22	386.908
0.22	386.066
0.22	384.495
0.22	391.227
0.22	395.412
0.22	386.296
0.22	398.007
0.22	395.356
0.22	385.92
0.22	395.711
0.22	393.128
0.22	381.133
0.22	396.568
0.22	387.977
0.22	395.932
0.22	386.706
0.22	382.965
0.22	386.804
0.22	383.736
0.22	385.473
0.22	391.604
0.22	395.007
0.22	396.687
0.22	400.052
0.22	392.454
0.22	385.88
0.22	384.32
0.22	382.601
0.22	387.917
0.22	390.652
0.22	390.989
0.22	396.256
0.22	396.1
0.22	393.511
0.22	396.975
0.22	384.248
0.22	390.18
0.22	389.178
0.22	383.582
0.22	387.283
0.22	391.543
0.22	379.351
0.22	392.804
0.22	391.627
0.22	387.273
0.22	381.401
0.22	387.701
0.22	392.798
0.22	383.497
0.22	383.412
0.24	405.699
0.24	413.69
0.24	403.12
0.24	399.745
0.24	400.22
0.24	398.582
0.24	402.62
0.24	406.475
0.24	407.447
0.24	412.944
0.24	396.914
0.24	400.314
0.24	421.291
0.24	403.113
0.24	401.52
0.24	397.845
0.24	405.696
0.24	403.76
0.24	402.376
0.24	412.289
0.24	403.642
0.24	409.979
0.24	417.217
0.24	405.753
0.24	411.97
0.24	403.791
0.24	401.704
0.24	402.795
0.24	407.36
0.24	409.128
0.24	415.38
0.24	403.826
0.24	405.945
0.24	416.457
0.24	401.478
0.24	403.236
0.24	404.324
0.24	400.727
0.24	405.942
0.24	409.064
0.24	415.117
0.24	408.44
0.24	406.552
0.24	411.097
0.24	406.262
0.24	405.384
0.24	406.313
0.24	410.289
0.24	407.158
0.24	408.28
0.26	427.41
0.26	424.544
0.26	409.854
0.26	423.972
0.26	416.184
0.26	413.702
0.26	422.634
0.26	421.903
0.26	419.458
0.26	423.125
0.26	417.13
0.26	415.011
0.26	432.074
0.26	416.8
0.26	415.837
0.26	422.164
0.26	418.454
0.26	421.311
0.26	423.183
0.26	425.077
0.26	423.451
0.26	418.491
0.26	427.493
0.26	418.981
0.26	427.893
0.26	415.458
0.26	426.853
0.26	423.716
0.26	424.146
0.26	417.089
0.26	414.083
0.26	422.383
0.26	420.875
0.26	430.084
0.26	422.323
0.26	423.488
0.26	417.584
0.26	423.124
0.26	421.228
0.26	423.304
0.26	418.975
0.26	430.724
0.26	427.684
0.26	420.123
0.26	413.998
0.26	412.886
0.26	426.657
0.26	417.87
0.26	420.757
0.26	414.984
0.28	438.892
0.28	429.317
0.28	437.838
0.28	435.082
0.28	435.067
0.28	424.523
0.28	435.531
0.28	428.661
0.28	436.354
0.28	439.655
0.28	445.012
0.28	435.111
0.28	437.751
0.28	439.665
0.28	438.492
0.28	434.958
0.28	430.398
0.28	427.18
0.28	439.793
0.28	442.98
0.28	441.209
0.28	436.793
0.28	435.508
0.28	437.661
0.28	440.918
0.28	427.423
0.28	431.24
0.28	432.487
0.28	443.358
0.28	436.116
0.28	440.476
0.28	443.564
0.28	439.125
0.28	441.017
0.28	446.761
0.28	434.815
0.28	428.516
0.28	435.465
0.28	436.615
0.28	442.429
0.28	436.268
0.28	434.146
0.28	446.558
0.28	438.836
0.28	441.054
0.28	429.288
0.28	429.722
0.28	441.774
0.28	433.313
0.28	434.322
0.3	441.692
0.3	446.399
0.3	448.514
0.3	451.785
0.3	451.851
0.3	441.89
0.3	454.557
0.3	447.123
0.3	445.603
0.3	446.65
0.3	442.675
0.3	448.634
0.3	443.12
0.3	449.226
0.3	447.536
0.3	439.922
0.3	450.919
0.3	447.924
0.3	455.9
0.3	449.49
0.3	451.66
0.3	443.561
0.3	451.894
0.3	448.226
0.3	444.694
0.3	456.4
0.3	444.181
0.3	447.218
0.3	453.08
0.3	441.133
0.3	445.493
0.3	445.908
0.3	446.985
0.3	449.713
0.3	446.446
0.3	444.786
0.3	446.922
0.3	441.931
0.3	446.833
0.3	438.97
0.3	444.215
0.3	450.908
0.3	449.575
0.3	452.118
0.3	441.383
0.3	449.176
0.3	448.989
0.3	441.946
0.3	444.26
0.3	457.168
0.32	462.812
0.32	459.595
0.32	464.388
0.32	462.331
0.32	457.246
0.32	463.959
0.32	450.051
0.32	454.204
0.32	458.242
0.32	456.841
0.32	465.337
0.32	457.581
0.32	450.059
0.32	457.202
0.32	458.313
0.32	454.906
0.32	457.495
0.32	463.798
0.32	453.589
0.32	454.2
0.32	463.33
0.32	465.974
0.32	461.246
0.32	455.104
0.32	457.999
0.32	461.393
0.32	461.634
0.32	461.72
0.32	463.408
0.32	468.743
0.32	463.176
0.32	453.149
0.32	458.05
0.32	460.46
0.32	462.87
0.32	456.205
0.32	459.154
0.32	458.482
0.32	465.303
0.32	458.316
0.32	460.506
0.32	453.22
0.32	459.243
0.32	464.429
0.32	466.648
0.32	457.33
0.32	465.033
0.32	457.339
0.32	458.884
0.32	455.846
0.34	471.767
0.34	465.218
0.34	469.453
0.34	467.11
0.34	477.637
0.34	459.023
0.34	457.67
0.34	471.773
0.34	465.038
0.34	469.121
0.34	468.043
0.34	467.724
0.34	468.349
0.34	474.974
0.34	474.476
0.34	465.939
0.34	470.228
0.34	467.171
0.34	466.246
0.34	466.238
0.34	472.775
0.34	466.126
0.34	472.869
0.34	467.532
0.34	470.25
0.34	473.274
0.34	476.322
0.34	466.748
0.34	471.207
0.34	464.485
0.34	475.697
0.34	470.37
0.34	470.99
0.34	464.664
0.34	461.635
0.34	462.723
0.34	463.366
0.34	466.159
0.34	472.782
0.34	467.713
0.34	467.242
0.34	474.971
0.34	468.986
0.34	470.308
0.34	470.875
0.34	472
0.34	464.831
0.34	472.358
0.34	478.787
0.34	466.04
0.36	468.785
0.36	486.883
0.36	482.365
0.36	480.745
0.36	473.916
0.36	477.992
0.36	475.493
0.36	469.618
0.36	485.043
0.36	478.964
0.36	478.858
0.36	480.309
0.36	478.738
0.36	488.046
0.36	477.342
0.36	479.33
0.36	480.478
0.36	473.054
0.36	475.302
0.36	476.444
0.36	481.491
0.36	476.837
0.36	478.826
0.36	483.978
0.36	472.899
0.36	478.211
0.36	481.446
0.36	472.046
0.36	476.899
0.36	481.191
0.36	479.382
0.36	486.617
0.36	472.618
0.36	482.236
0.36	481.946
0.36	472.596
0.36	477.698
0.36	479.762
0.36	479.097
0.36	479.046
0.36	476.193
0.36	478.183
0.36	459.44
0.36	480.913
0.36	480.645
0.36	479.046
0.36	476.001
0.36	482.143
0.36	485.183
0.36	464.727
0.38	489.911
0.38	494.074
0.38	481.034
0.38	479.124
0.38	487.856
0.38	485.833
0.38	489.281
0.38	483.54
0.38	482.43
0.38	485.957
0.38	483.171
0.38	481.925
0.38	489.962
0.38	488.953
0.38	490.577
0.38	487.955
0.38	486.823
0.38	477.534
0.38	487.164
0.38	483.126
0.38	480.73
0.38	484.782
0.38	483.81
0.38	487.309
0.38	478.78
0.38	477.104
0.38	494.094
0.38	485.729
0.38	483.209
0.38	482.447
0.38	484.609
0.38	479.664
0.38	484.884
0.38	485.172
0.38	488.577
0.38	489.723
0.38	485.718
0.38	486.654
0.38	482.072
0.38	486.962
0.38	486.694
0.38	490.123
0.38	483.805
0.38	478.529
0.38	491.315
0.38	484.249
0.38	493.05
0.38	484.852
0.38	481.416
0.38	482.837
0.4	492.795
0.4	492.092
0.4	498.352
0.4	486.086
0.4	497.212
0.4	484.923
0.4	486.517
0.4	488.159
0.4	486.419
0.4	485.995
0.4	490.351
0.4	489.814
0.4	485.724
0.4	497.597
0.4	490.855
0.4	491.461
0.4	485.689
0.4	494.496
0.4	489.979
0.4	490.906
0.4	493.44
0.4	494.995
0.4	495.283
0.4	488.794
0.4	489.718
0.4	499.678
0.4	502.022
0.4	488.247
0.4	493.534
0.4	491.954
0.4	492.935
0.4	491.093
0.4	494.968
0.4	492.936
0.4	495.231
0.4	493.907
0.4	493.597
0.4	495.489
0.4	490.778
0.4	491.76
0.4	499
0.4	488.236
0.4	492.577
0.4	489.222
0.4	494.43
0.4	492.308
0.4	494.771
0.4	497.81
0.4	495.602
0.4	488.295
0.42	502.395
0.42	495.526
0.42	498.826
0.42	493.197
0.42	505.007
0.42	500.854
0.42	496.253
0.42	493.467
0.42	505.764
0.42	496.62
0.42	507.55
0.42	502.121
0.42	490.164
0.42	502.124
0.42	504.897
0.42	495.954
0.42	497.628
0.42	496.925
0.42	499.271
0.42	498.817
0.42	501.395
0.42	492.317
0.42	496.984
0.42	501.565
0.42	503.988
0.42	503.067
0.42	501.003
0.42	499.866
0.42	502.554
0.42	501.39
0.42	502.915
0.42	491.712
0.42	498.205
0.42	500.221
0.42	495.432
0.42	494.769
0.42	492.344
0.42	495.809
0.42	496.582
0.42	505.619
0.42	501.383
0.42	498.067
0.42	499.163
0.42	499.938
0.42	496.358
0.42	501.53
0.42	493.765
0.42	496.622
0.42	502.641
0.42	499.502
0.44	512.674
0.44	501.55
0.44	513.319
0.44	506.02
0.44	498.998
0.44	502.432
0.44	505.09
0.44	501.105
0.44	510.368
0.44	507.843
0.44	506.841
0.44	496.334
0.44	504.661
0.44	505.926
0.44	507.878
0.44	499.465
0.44	505.142
0.44	503.067
0.44	505.639
0.44	505.165
0.44	506.294
0.44	506.056
0.44	503.886
0.44	503.309
0.44	512.478
0.44	506.142
0.44	503.148
0.44	506.367
0.44	504.944
0.44	499.414
0.44	505.542
0.44	499.468
0.44	510.527
0.44	500.748
0.44	505.043
0.44	505.777
0.44	502.475
0.44	512.571
0.44	516.268
0.44	500.476
0.44	506.603
0.44	507.063
0.44	504.983
0.44	503.651
0.44	503.449
0.44	502.095
0.44	503.122
0.44	511.581
0.44	505.392
0.44	511.353
0.46	508.445
0.46	509.312
0.46	511.161
0.46	515.438
0.46	513.66
0.46	508.823
0.46	519.607
0.46	508.649
0.46	509.462
0.46	512.129
0.46	510.349
0.46	516.846
0.46	505.995
0.46	513.851
0.46	507.179
0.46	504.673
0.46	513.1
0.46	511.82
0.46	513.431
0.46	504.365
0.46	503.4
0.46	507.811
0.46	513.965
0.46	510.269
0.46	504.917
0.46	508.053
0.46	518.759
0.46	508.903
0.46	508.315
0.46	512.096
0.46	510.52
0.46	510.93
0.46	510.058
0.46	511.314
0.46	509.989
0.46	512.051
0.46	506.269
0.46	509.711
0.46	508.639
0.46	505.019
0.46	521.009
0.46	516.174
0.46	515.872
0.46	515.014
0.46	501.263
0.46	505.232
0.46	515.597
0.46	509.44
0.46	511.151
0.46	506.534
0.48	521.85
0.48	517.699
0.48	508.381
0.48	516.772
0.48	517.714
0.48	516.653
0.48	517.636
0.48	514.947
0.48	516.911
0.48	520.203
0.48	513.703
0.48	512.151
0.48	518.861
0.48	521.902
0.48	515.809
0.48	512.101
0.48	507.526
0.48	511.377
0.48	524.09
0.48	516.444
0.48	517.492
0.48	522.433
0.48	515.733
0.48	514.206
0.48	520.552
0.48	517.459
0.48	519.211
0.48	519.483
0.48	512.636
0.48	513.472
0.48	509.289
0.48	513.003
0.48	514.125
0.48	519.918
0.48	516.892
0.48	519.518
0.48	519.395
0.48	521.174
0.48	519.33
0.48	511.16
0.48	514.947
0.48	521.423
0.48	517.229
0.48	519.991
0.48	515.58
0.48	512.057
0.48	516.675
0.48	518.471
0.48	515.237
0.48	519.343
0.5	521.39
0.5	523.133
0.5	523.587
0.5	519.633
0.5	522.658
0.5	523.563
0.5	526.88
0.5	514.729
0.5	519.702
0.5	521.853
0.5	520.495
0.5	525.134
0.5	514.915
0.5	523.813
0.5	523.852
0.5	514.771
0.5	512.269
0.5	523.05
0.5	516.469
0.5	520.508
0.5	522.327
0.5	527.593
0.5	523.893
0.5	520.426
0.5	519.952
0.5	519.12
0.5	513.748
0.5	519.648
0.5	525.554
0.5	525.192
0.5	519.421
0.5	518.364
0.5	519.246
0.5	518.873
0.5	525.429
0.5	522.178
0.5	520.931
0.5	519.584
0.5	524.044
0.5	520.03
0.5	525.41
0.5	515.165
0.5	520.721
0.5	517.823
0.5	520.915
0.5	516.103
0.5	516.374
0.5	523.783
0.5	518.15
0.5	515.161
0.52	523.557
0.52	521.797
0.52	527.71
0.52	523.812
0.52	525.701
0.52	524.513
0.52	525.037
0.52	523.646
0.52	528.846
0.52	523.168
0.52	527.805
0.52	524.295
0.52	522.983
0.52	533.577
0.52	527.763
0.52	533.134
0.52	531.87
0.52	525.686
0.52	523.278
0.52	522.376
0.52	527.73
0.52	522.917
0.52	521.406
0.52	528.328
0.52	528.75
0.52	530.116
0.52	529.817
0.52	527.226
0.52	527.238
0.52	520.071
0.52	527.483
0.52	529.611
0.52	527.081
0.52	526.274
0.52	526.682
0.52	528.666
0.52	526.626
0.52	525.894
0.52	523.493
0.52	526.642
0.52	525.748
0.52	530.212
0.52	526.793
0.52	521.773
0.52	519.983
0.52	522.254
0.52	528.878
0.52	518.348
0.52	531.234
0.52	521.292
0.54	533.489
0.54	529.556
0.54	536.635
0.54	526.789
0.54	535.918
0.54	521.443
0.54	529.434
0.54	529.304
0.54	524.57
0.54	529.886
0.54	528.716
0.54	533.202
0.54	533.172
0.54	536.136
0.54	528.827
0.54	526.687
0.54	528.578
0.54	531.663
0.54	531.797
0.54	532.189
0.54	527.769
0.54	532.994
0.54	526.136
0.54	528.26
0.54	533.185
0.54	526.611
0.54	528.905
0.54	537.815
0.54	524.257
0.54	530.056
0.54	530.851
0.54	531.068
0.54	531.135
0.54	528.663
0.54	533.504
0.54	526.82
0.54	528.357
0.54	531.219
0.54	537.895
0.54	530.83
0.54	531.662
0.54	529.939
0.54	530.93
0.54	529.877
0.54	533.996
0.54	529.15
0.54	530.82
0.54	529.75
0.54	529.107
0.54	532.471
0.56	535.669
0.56	536.911
0.56	531.028
0.56	533.208
0.56	532.394
0.56	544.154
0.56	537.01
0.56	538.595
0.56	537.768
0.56	531.598
0.56	532.931
0.56	533.064
0.56	534.145
0.56	528.94
0.56	532.315
0.56	540.114
0.56	536.787
0.56	530.01
0.56	525.553
0.56	537.799
0.56	530.725
0.56	533.136
0.56	525.215
0.56	540.234
0.56	530.374
0.56	533.908
0.56	545.875
0.56	536.115
0.56	534.454
0.56	535.501
0.56	536.495
0.56	533.161
0.56	537.057
0.56	533.745
0.56	530.822
0.56	534.012
0.56	541.758
0.56	525.48
0.56	532.996
0.56	531.719
0.56	535.561
0.56	526.579
0.56	529.596
0.56	536.013
0.56	535.313
0.56	532.969
0.56	530.461
0.56	530.639
0.56	533.25
0.56	540.149
0.58	534.683
0.58	537.748
0.58	543.94
0.58	545.049
0.58	545.217
0.58	531.516
0.58	544.988
0.58	536.641
0.58	538.328
0.58	535.852
0.58	542.482
0.58	538.123
0.58	535.05
0.58	543.12
0.58	540.923
0.58	536.831
0.58	536.409
0.58	533.407
0.58	537.822
0.58	542.692
0.58	536.451
0.58	536.299
0.58	543.062
0.58	539.379
0.58	533.342
0.58	533.587
0.58	535.978
0.58	534.765
0.58	538.979
0.58	534.646
0.58	536.936
0.58	539.277
0.58	534.029
0.58	543.286
0.58	542.729
0.58	533.828
0.58	534.612
0.58	533.088
0.58	534.619
0.58	539.129
0.58	543.875
0.58	538.114
0.58	535.302
0.58	535.522
0.58	536.58
0.58	540.332
0.58	537.463
0.58	538.91
0.58	535.63
0.58	533.577
0.6	536.263
0.6	545.779
0.6	540.566
0.6	546.619
0.6	541.703
0.6	543.353
0.6	540.586
0.6	547.468
0.6	538.573
0.6	538.058
0.6	545.206
0.6	543.148
0.6	543.186
0.6	545.822
0.6	538.774
0.6	534.564
0.6	538.013
0.6	539.112
0.6	544.036
0.6	542.248
0.6	545.852
0.6	539.45
0.6	536.805
0.6	534.306
0.6	539.362
0.6	545.173
0.6	545.424
0.6	543.552
0.6	540.251
0.6	535.808
0.6	542.181
0.6	539.997
0.6	539.915
0.6	537.923
0.6	548.605
0.6	539.64
0.6	546.363
0.6	545.973
0.6	544.48
0.6	545.25
0.6	537.235
0.6	541.718
0.6	548.56
0.6	538.378
0.6	550.174
0.6	544.086
0.6	541.074
0.6	544.23
0.6	541.904
0.6	539.015
0.62	542.695
0.62	553.298
0.62	544.486
0.62	548.966
0.62	552.452
0.62	541.136
0.62	543.596
0.62	546.164
0.62	544.613
0.62	550.842
0.62	542.888
0.62	548.46
0.62	548.135
0.62	542.556
0.62	543.393
0.62	544.778
0.62	545.106
0.62	545.768
0.62	540.375
0.62	543.549
0.62	542.477
0.62	550.994
0.62	544.225
0.62	543.171
0.62	545.383
0.62	553.011
0.62	548.275
0.62	542.037
0.62	548.341
0.62	551.631
0.62	552.558
0.62	543.561
0.62	548.067
0.62	542.242
0.62	547.366
0.62	545.23
0.62	547.31
0.62	545.219
0.62	541.942
0.62	547.629
0.62	545.068
0.62	542.954
0.62	545.708
0.62	549.769
0.62	545.612
0.62	540.304
0.62	543.577
0.62	545.536
0.62	551.492
0.62	542.13
0.64	555.589
0.64	548.352
0.64	546.746
0.64	551.766
0.64	555.563
0.64	540.052
0.64	548.515
0.64	548.825
0.64	548.224
0.64	547.777
0.64	543.043
0.64	547.751
0.64	543.002
0.64	551.192
0.64	548.766
0.64	553.37
0.64	554.771
0.64	549.243
0.64	551.791
0.64	540.01
0.64	549.342
0.64	548.473
0.64	551.157
0.64	551.83
0.64	553.527
0.64	545.859
0.64	547.867
0.64	548.298
0.64	553.94
0.64	548.977
0.64	547.56
0.64	545.867
0.64	550.665
0.64	550.088
0.64	547.81
0.64	545.002
0.64	551.975
0.64	545.468
0.64	547.396
0.64	548.754
0.64	547.967
0.64	548.692
0.64	546.48
0.64	541.019
0.64	542.704
0.64	548.752
0.64	552.621
0.64	552.722
0.64	551.754
0.64	549.404
0.66	557.562
0.66	549.894
0.66	555.207
0.66	556.603
0.66	545.295
0.66	542.291
0.66	544.295
0.66	551.19
0.66	555.095
0.66	545.278
0.66	547.973
0.66	550.102
0.66	560.734
0.66	550.814
0.66	549.064
0.66	548.601
0.66	556.672
0.66	547.703
0.66	553.62
0.66	544.292
0.66	550.926
0.66	548.751
0.66	551.616
0.66	548.619
0.66	551.397
0.66	549.009
0.66	556.5
0.66	550.294
0.66	555.64
0.66	552.644
0.66	559.634
0.66	555.031
0.66	550.497
0.66	547.984
0.66	550.03
0.66	556.934
0.66	554.73
0.66	549.428
0.66	547.608
0.66	548.001
0.66	553.942
0.66	557.242
0.66	550.753
0.66	546.517
0.66	551.045
0.66	555.23
0.66	549.504
0.66	551.362
0.66	552.632
0.66	550.082
0.68	555.164
0.68	556.477
0.68	559.569
0.68	557.012
0.68	553.872
0.68	554.702
0.68	553.178
0.68	561.175
0.68	550.42
0.68	554.062
0.68	561
0.68	555.345
0.68	557.083
0.68	555.857
0.68	555.992
0.68	544.838
0.68	551.096
0.68	556.994
0.68	556.967
0.68	549.708
0.68	554.182
0.68	558.63
0.68	558.77
0.68	554.746
0.68	556.377
0.68	546.283
0.68	560.706
0.68	550.019
0.68	551.333
0.68	559.809
0.68	551.83
0.68	557.673
0.68	558.337
0.68	556.743
0.68	545.912
0.68	560.914
0.68	558.668
0.68	561.326
0.68	554.371
0.68	550.769
0.68	554.403
0.68	548.413
0.68	548.311
0.68	558.477
0.68	553.075
0.68	551.219
0.68	557.265
0.68	562.697
0.68	557.786
0.68	551.305
0.7	561.874
0.7	560.216
0.7	552.029
0.7	556.401
0.7	556.6
0.7	560.591
0.7	553.432
0.7	563.045
0.7	558.391
0.7	557.449
0.7	553.735
0.7	547.567
0.7	555.251
0.7	555.6
0.7	558.801
0.7	558.894
0.7	554.934
0.7	555.776
0.7	557.032
0.7	553.433
0.7	547.115
0.7	551.228
0.7	555.497
0.7	557.724
0.7	559.931
0.7	558.584
0.7	554.476
0.7	553.38
0.7	560.864
0.7	557.043
0.7	560.26
0.7	561.081
0.7	555.641
0.7	563.49
0.7	555.269
0.7	556.837
0.7	551.102
0.7	558.856
0.7	559.726
0.7	549.348
0.7	564.483
0.7	553.87
0.7	554.546
0.7	557.719
0.7	556.426
0.7	561.494
0.7	556.345
0.7	554.532
0.7	561.849
0.7	554.169
0.72	562.594
0.72	555.717
0.72	560.511
0.72	555.114
0.72	561.998
0.72	560.592
0.72	558.422
0.72	555.899
0.72	563.679
0.72	558.574
0.72	556.203
0.72	561.344
0.72	558.086
0.72	562.214
0.72	555.127
0.72	565.066
0.72	565.174
0.72	557.676
0.72	562.801
0.72	550.499
0.72	563.328
0.72	558.312
0.72	561.486
0.72	559.71
0.72	562.967
0.72	561.819
0.72	558.431
0.72	555.398
0.72	559.547
0.72	560.94
0.72	557.54
0.72	558.337
0.72	564.203
0.72	561.089
0.72	559.848
0.72	556.37
0.72	559.465
0.72	563.251
0.72	557.874
0.72	553.034
0.72	562.84
0.72	558.63
0.72	552.987
0.72	559.746
0.72	560.643
0.72	559.465
0.72	557.298
0.72	556.882
0.72	563.53
0.72	561.465
0.74	564.749
0.74	566.508
0.74	562.895
0.74	565.271
0.74	554.345
0.74	560.904
0.74	564.843
0.74	567.518
0.74	565.505
0.74	561.413
0.74	562.754
0.74	563.834
0.74	557.116
0.74	567.082
0.74	566.395
0.74	560.926
0.74	560.171
0.74	560.755
0.74	558.563
0.74	563.266
0.74	558.801
0.74	560.816
0.74	568.046
0.74	563.325
0.74	562.751
0.74	562.792
0.74	563.249
0.74	566.156
0.74	566.01
0.74	558.715
0.74	563.808
0.74	552.439
0.74	560.583
0.74	560.046
0.74	564.964
0.74	561.274
0.74	564.74
0.74	563.543
0.74	565.165
0.74	561.176
0.74	560.707
0.74	561.929
0.74	567.994
0.74	561.934
0.74	557.024
0.74	560.787
0.74	563.859
0.74	561.021
0.74	560.924
0.74	561.612
0.76	568.762
0.76	566.848
0.76	563.697
0.76	563.44
0.76	567.18
0.76	569.869
0.76	557.792
0.76	558.494
0.76	562.804
0.76	561.298
0.76	564.029
0.76	562.581
0.76	569.777
0.76	563.411
0.76	566.968
0.76	569.804
0.76	561.723
0.76	566.265
0.76	561.934
0.76	565.861
0.76	570.527
0.76	561.013
0.76	566.345
0.76	565.798
0.76	565.029
0.76	558.241
0.76	562.288
0.76	565.234
0.76	561.054
0.76	565.988
0.76	563.802
0.76	554.093
0.76	569.419
0.76	568.176
0.76	559.236
0.76	566.591
0.76	564.169
0.76	562.724
0.76	560.776
0.76	567.005
0.76	570.988
0.76	566.596
0.76	561.835
0.76	567.224
0.76	567.39
0.76	566.023
0.76	568.156
0.76	562.197
0.76	563.681
0.76	556.924
0.78	565.051
0.78	564.112
0.78	565.857
0.78	561.539
0.78	569.479
0.78	564.701
0.78	569.344
0.78	567.015
0.78	565.868
0.78	573.095
0.78	557.38
0.78	567.624
0.78	568.878
0.78	561.388
0.78	566.206
0.78	565.644
0.78	563.486
0.78	564.078
0.78	568.217
0.78	563.946
0.78	566.216
0.78	568.568
0.78	567.717
0.78	569.294
0.78	566.524
0.78	564.901
0.78	563.38
0.78	568.619
0.78	562.572
0.78	569.083
0.78	566.36
0.78	568.629
0.78	564.302
0.78	567.443
0.78	563.678
0.78	564.896
0.78	568.023
0.78	559.187
0.78	563.773
0.78	564.794
0.78	564.27
0.78	565.232
0.78	567.288
0.78	569.81
0.78	567.304
0.78	564.843
0.78	566.775
0.78	573.062
0.78	567.873
0.78	564.779
0.8	567.313
0.8	563.995
0.8	568.231
0.8	569.132
0.8	567.634
0.8	572.131
0.8	570.838
0.8	568.938
0.8	565.864
0.8	574.739
0.8	572.368
0.8	566.112
0.8	563.327
0.8	567.731
0.8	566.372
0.8	561.396
0.8	568.693
0.8	573.631
0.8	574.212
0.8	567.655
0.8	571.842
0.8	564.126
0.8	574.119
0.8	571.627
0.8	565.357
0.8	568.612
0.8	570.639
0.8	567.48
0.8	568.984
0.8	571.172
0.8	566.549
0.8	570.883
0.8	565.579
0.8	570.615
0.8	562.089
0.8	569.927
0.8	567.239
0.8	564.422
0.8	575.056
0.8	568.888
0.8	570.666
0.8	567.005
0.8	568.803
0.8	577.38
0.8	565.023
0.8	573.328
0.8	567.642
0.8	567.837
0.8	571.626
0.8	571.708
0.82	567.506
0.82	579.175
0.82	574.617
0.82	571.115
0.82	577.971
0.82	571.348
0.82	576.949
0.82	568.06
0.82	575.154
0.82	571.728
0.82	571.009
0.82	572.414
0.82	572.965
0.82	577.989
0.82	571.946
0.82	576.129
0.82	565.105
0.82	573.243
0.82	573.814
0.82	569.991
0.82	566.786
0.82	569.221
0.82	569.672
0.82	569.174
0.82	564.219
0.82	568.993
0.82	567.438
0.82	571.119
0.82	569.378
0.82	569.355
0.82	574.569
0.82	567.219
0.82	567.901
0.82	566.854
0.82	570.741
0.82	573.255
0.82	571.278
0.82	568.511
0.82	569.725
0.82	569.901
0.82	575.341
0.82	576.265
0.82	568.525
0.82	569.274
0.82	567.98
0.82	570.063
0.82	572.657
0.82	575.327
0.82	571.737
0.82	571.019
0.84	569.644
0.84	582.347
0.84	577.695
0.84	572.604
0.84	568.233
0.84	572.276
0.84	574.76
0.84	571.546
0.84	572.657
0.84	576.284
0.84	573.682
0.84	581.664
0.84	576.746
0.84	575.731
0.84	567.555
0.84	572.483
0.84	576.049
0.84	576.623
0.84	576.307
0.84	575.294
0.84	570.018
0.84	577.272
0.84	579.212
0.84	570.466
0.84	572.226
0.84	570.557
0.84	574.792
0.84	574.481
0.84	577.034
0.84	569.531
0.84	569.399
0.84	575.526
0.84	572.267
0.84	571.008
0.84	571.627
0.84	569.64
0.84	571.918
0.84	577.141
0.84	575.164
0.84	566.072
0.84	578.399
0.84	568.449
0.84	581.399
0.84	577.477
0.84	569.467
0.84	579.395
0.84	573.319
0.84	576.304
0.84	572.659
0.84	572.053
0.86	574.536
0.86	579.184
0.86	574.151
0.86	575.757
0.86	573.977
0.86	568.845
0.86	574.902
0.86	574.235
0.86	582.093
0.86	576.285
0.86	575.138
0.86	575.707
0.86	576.692
0.86	575.877
0.86	572.502
0.86	577.933
0.86	577.143
0.86	580.831
0.86	574.995
0.86	574.548
0.86	578.372
0.86	575.17
0.86	577.816
0.86	574.372
0.86	574.995
0.86	573.381
0.86	578.678
0.86	573.068
0.86	577.032
0.86	577.378
0.86	571.581
0.86	575.352
0.86	567.512
0.86	574.465
0.86	570.527
0.86	574.613
0.86	572.492
0.86	575.679
0.86	571.568
0.86	576.762
0.86	571.977
0.86	571.731
0.86	579.074
0.86	576.343
0.86	580.511
0.86	577.459
0.86	578.444
0.86	577.455
0.86	573.714
0.86	569.324
0.88	586.188
0.88	576.279
0.88	579.039
0.88	573.522
0.88	581.317
0.88	575.219
0.88	572.669
0.88	577.398
0.88	581.757
0.88	578.693
0.88	575.342
0.88	580.821
0.88	580.677
0.88	574.275
0.88	579.906
0.88	576.278
0.88	578.05
0.88	572.245
0.88	577.393
0.88	580.356
0.88	578.744
0.88	573.203
0.88	579.853
0.88	576.049
0.88	574.547
0.88	579.375
0.88	579.76
0.88	574.594
0.88	573.869
0.88	574.966
0.88	575.567
0.88	576.588
0.88	577.842
0.88	573.604
0.88	577.119
0.88	571.356
0.88	574.918
0.88	578.569
0.88	572.397
0.88	579.629
0.88	575.199
0.88	578.095
0.88	574.575
0.88	582.384
0.88	579.653
0.88	575.817
0.88	576.696
0.88	580.677
0.88	580.251
0.88	579.962
0.9	571.59
0.9	580.831
0.9	573.74
0.9	579.8
0.9	577.573
0.9	577.58
0.9	578.086
0.9	585.036
0.9	577.882
0.9	572.109
0.9	574.109
0.9	577.631
0.9	582.518
0.9	575.27
0.9	570.778
0.9	579.741
0.9	579.271
0.9	575.813
0.9	578.386
0.9	578.272
0.9	577.612
0.9	577.077
0.9	573.397
0.9	579.31
0.9	586.646
0.9	581.291
0.9	578.474
0.9	574.23
0.9	582.966
0.9	585.154
0.9	583.32
0.9	577.555
0.9	585.348
0.9	577.606
0.9	579.882
0.9	571.403
0.9	576.64
0.9	583.923
0.9	579.747
0.9	582.308
0.9	582.732
0.9	576.171
0.9	574.904
0.9	579.688
0.9	572.677
0.9	574.535
0.9	577.507
0.9	579.306
0.9	575.491
0.9	575.766
0.92	580.551
0.92	576.664
0.92	581.729
0.92	578.431
0.92	581.007
0.92	581.36
0.92	574.037
0.92	581.781
0.92	576.672
0.92	582.332
0.92	576.939
0.92	581.806
0.92	583.751
0.92	577.749
0.92	588.007
0.92	583.216
0.92	579.431
0.92	579.31
0.92	584.514
0.92	581.247
0.92	579.207
0.92	587.592
0.92	580.663
0.92	577.865
0.92	580.918
0.92	585.723
0.92	578.86
0.92	579.043
0.92	579.085
0.92	576.961
0.92	581.316
0.92	580.464
0.92	576.223
0.92	583.086
0.92	579.144
0.92	584.143
0.92	578.213
0.92	583.447
0.92	582.593
0.92	585.499
0.92	579.121
0.92	577.251
0.92	586.948
0.92	573.932
0.92	574.621
0.92	580.332
0.92	577.486
0.92	583.489
0.92	575.914
0.92	576.623
0.94	584.506
0.94	578.604
0.94	581.031
0.94	582.469
0.94	589.081
0.94	583.812
0.94	583.721
0.94	579.687
0.94	578.816
0.94	584.931
0.94	582.182
0.94	579.45
0.94	582.736
0.94	583.924
0.94	580.486
0.94	579.11
0.94	578.288
0.94	582.148
0.94	582.163
0.94	581.931
0.94	585.15
0.94	581.535
0.94	583.811
0.94	584.066
0.94	580.703
0.94	583.68
0.94	582.143
0.94	582.002
0.94	574.835
0.94	578.955
0.94	584.224
0.94	581.793
0.94	583.08
0.94	579.677
0.94	580.918
0.94	582.386
0.94	586.102
0.94	585.286
0.94	583.787
0.94	574.378
0.94	583.441
0.94	584.626
0.94	575.281
0.94	583.029
0.94	588.028
0.94	581.304
0.94	581.175
0.94	579.2
0.94	585.317
0.94	581.443
0.96	585.85
0.96	579.936
0.96	582.784
0.96	583.061
0.96	580.687
0.96	585.279
0.96	585.984
0.96	581.901
0.96	578.051
0.96	583.385
0.96	583.82
0.96	586.448
0.96	586.334
0.96	587.525
0.96	583.244
0.96	577.416
0.96	583.801
0.96	583.265
0.96	590.776
0.96	586.223
0.96	580.571
0.96	584.358
0.96	587.397
0.96	581.574
0.96	582.783
0.96	583.079
0.96	589.062
0.96	588.005
0.96	579.662
0.96	583.052
0.96	584.265
0.96	585.214
0.96	585.124
0.96	581.934
0.96	581.151
0.96	581.512
0.96	578.605
0.96	587.439
0.96	587.743
0.96	577.67
0.96	584.866
0.96	587.401
0.96	582.954
0.96	584.206
0.96	581.968
0.96	582.492
0.96	579.723
0.96	576.619
0.96	587.242
0.96	583.281
0.98	583.38
0.98	585.159
0.98	584.426
0.98	585.561
0.98	581.814
0.98	582.309
0.98	580.755
0.98	582.83
0.98	579.682
0.98	587.886
0.98	583.965
0.98	584.065
0.98	588.809
0.98	585.821
0.98	580.087
0.98	581.751
0.98	583.124
0.98	587.258
0.98	585.91
0.98	586.338
0.98	580.866
0.98	589.529
0.98	580
0.98	584.442
0.98	582.094
0.98	579.163
0.98	584.793
0.98	581.012
0.98	584.642
0.98	589.522
0.98	588.582
0.98	587.685
0.98	586.17
0.98	582.961
0.98	580.135
0.98	587.46
0.98	589.721
0.98	589.989
0.98	587.547
0.98	587.039
0.98	580.837
0.98	582.6
0.98	580.295
0.98	586.241
0.98	588.615
0.98	581.032
0.98	578.265
0.98	584.197
0.98	587.29
0.98	582.517
1	585.517
1	584.001
1	584.427
1	585.161
1	586.339
1	582.826
1	590.056
1	594.581
1	587.984
1	588.527
1	588.632
1	588.6
1	589.954
1	582.66
1	582.722
1	587.236
1	578.756
1	588.141
1	585.849
1	585.672
1	591.435
1	588.275
1	586.064
1	584.614
1	587.845
1	584.774
1	592.93
1	574.907
1	580.421
1	592.142
1	585.844
1	587.804
1	585.974
1	583.125
1	583.893
1	581.892
1	587.677
1	588.432
1	582.389
1	586.169
1	583.009
1	589.404
1	590.158
1	596.301
1	584.765
1	596.606
1	588.808
1	585.213
1	588.675
1	587.352
