0   	128 
0   	263 
1   	876 
1   	743 
2   	893 
2   	981 
3   	454 
3   	379 
3   	267 
3   	954 
3   	231 
3   	661 
3   	571 
3   	766 
4   	731 
4   	925 
5   	464 
5   	72  
6   	941 
6   	449 
6   	120 
6   	441 
6   	231 
7   	204 
7   	871 
8   	943 
8   	812 
8   	112 
9   	974 
9   	839 
10  	827 
10  	618 
11  	578 
11  	751 
11  	513 
12  	649 
12  	172 
13  	454 
13  	923 
14  	518 
14  	293 
14  	984 
15  	716 
15  	719 
16  	284 
16  	810 
17  	900 
17  	436 
18  	511 
18  	287 
18  	973 
19  	311 
19  	591 
19  	665 
20  	236 
20  	158 
21  	476 
21  	395 
21  	850 
22  	140 
22  	997 
22  	876 
22  	738 
23  	562 
23  	311 
24  	876 
24  	436 
25  	531 
25  	767 
26  	894 
26  	587 
26  	622 
27  	608 
27  	513 
28  	306 
28  	762 
29  	436 
29  	635 
29  	919 
29  	107 
30  	555 
30  	667 
30  	883 
30  	464 
30  	436 
31  	185 
31  	331 
32  	926 
32  	714 
32  	726 
33  	334 
33  	905 
33  	77  
34  	572 
34  	554 
34  	568 
35  	383 
35  	319 
36  	969 
36  	364 
37  	632 
37  	788 
37  	304 
37  	979 
37  	750 
37  	453 
37  	306 
37  	173 
37  	854 
37  	575 
37  	493 
37  	876 
37  	774 
37  	699 
37  	757 
37  	849 
38  	660 
38  	977 
38  	313 
39  	465 
39  	943 
39  	839 
39  	398 
39  	50  
40  	880 
40  	560 
40  	614 
40  	352 
41  	89  
41  	822 
42  	844 
42  	713 
42  	791 
43  	943 
43  	852 
43  	795 
43  	432 
44  	923 
44  	778 
45  	772 
45  	503 
46  	479 
46  	134 
47  	593 
47  	889 
48  	361 
48  	436 
48  	887 
48  	952 
48  	613 
48  	913 
48  	481 
48  	554 
48  	403 
48  	235 
48  	573 
48  	267 
48  	410 
48  	725 
48  	221 
49  	125 
49  	653 
50  	272 
50  	236 
50  	610 
50  	807 
50  	813 
50  	411 
50  	532 
50  	598 
50  	776 
50  	508 
50  	685 
50  	267 
50  	490 
51  	563 
51  	704 
52  	943 
52  	478 
53  	867 
53  	525 
53  	113 
53  	671 
54  	284 
54  	404 
55  	235 
55  	338 
55  	663 
55  	223 
56  	648 
56  	89  
57  	271 
57  	837 
57  	848 
57  	993 
57  	492 
57  	242 
57  	267 
57  	506 
58  	211 
58  	383 
58  	876 
58  	352 
58  	968 
58  	654 
58  	119 
59  	651 
59  	633 
60  	897 
60  	884 
61  	492 
61  	930 
62  	727 
62  	235 
62  	382 
62  	812 
63  	917 
63  	633 
64  	166 
64  	404 
64  	809 
65  	413 
65  	304 
66  	943 
66  	169 
66  	892 
67  	140 
67  	201 
67  	493 
68  	716 
68  	778 
68  	436 
69  	574 
69  	281 
69  	422 
69  	779 
69  	981 
69  	849 
69  	756 
70  	803 
70  	389 
70  	918 
71  	881 
71  	933 
71  	717 
71  	754 
71  	857 
72  	342 
73  	532 
73  	849 
74  	308 
74  	923 
75  	534 
75  	495 
76  	252 
76  	229 
76  	914 
76  	847 
76  	98  
76  	813 
76  	763 
77  	194 
77  	665 
77  	762 
78  	476 
78  	752 
79  	96  
79  	879 
80  	112 
80  	289 
81  	124 
81  	661 
81  	600 
82  	723 
82  	669 
83  	267 
83  	775 
83  	637 
83  	813 
83  	495 
83  	831 
84  	951 
84  	774 
85  	839 
85  	195 
85  	102 
86  	178 
86  	833 
87  	143 
87  	538 
87  	156 
87  	849 
87  	516 
88  	677 
88  	839 
88  	855 
88  	705 
90  	877 
90  	168 
91  	408 
91  	513 
92  	991 
92  	567 
92  	652 
93  	944 
93  	450 
93  	239 
93  	611 
93  	973 
94  	306 
94  	438 
94  	283 
94  	399 
95  	357 
95  	681 
96  	572 
97  	562 
97  	114 
97  	483 
97  	948 
97  	306 
97  	508 
97  	313 
98  	582 
98  	998 
99  	343 
99  	913 
99  	177 
100 	904 
100 	837 
101 	374 
101 	112 
102 	428 
102 	423 
103 	671 
103 	366 
104 	105 
104 	535 
105 	876 
105 	334 
106 	855 
106 	228 
106 	273 
107 	644 
108 	402 
108 	763 
108 	600 
109 	282 
109 	589 
110 	933 
110 	588 
111 	362 
111 	508 
112 	813 
113 	206 
114 	168 
115 	226 
115 	165 
116 	254 
116 	775 
117 	188 
117 	957 
118 	946 
118 	397 
118 	393 
118 	908 
118 	635 
119 	923 
119 	657 
120 	615 
120 	419 
120 	391 
120 	225 
121 	409 
121 	383 
122 	296 
122 	777 
123 	699 
123 	283 
124 	426 
124 	779 
124 	224 
125 	146 
126 	501 
126 	517 
126 	358 
127 	936 
127 	268 
127 	644 
127 	352 
127 	637 
127 	238 
127 	436 
127 	223 
128 	671 
128 	526 
129 	186 
129 	364 
130 	332 
130 	784 
131 	538 
131 	431 
132 	810 
132 	859 
133 	260 
133 	877 
134 	812 
134 	720 
135 	474 
135 	828 
136 	648 
136 	352 
137 	849 
137 	359 
138 	251 
138 	281 
139 	825 
139 	174 
140 	518 
140 	544 
140 	892 
140 	429 
140 	833 
140 	310 
140 	433 
140 	708 
140 	562 
140 	849 
141 	580 
141 	235 
142 	227 
142 	266 
142 	460 
143 	255 
143 	971 
144 	694 
144 	707 
144 	825 
144 	646 
144 	812 
145 	308 
145 	945 
146 	847 
147 	174 
147 	379 
148 	675 
148 	663 
148 	993 
148 	974 
149 	952 
149 	809 
150 	232 
150 	958 
151 	378 
151 	442 
152 	884 
152 	684 
152 	344 
152 	859 
153 	853 
153 	472 
154 	264 
154 	857 
154 	421 
154 	383 
154 	361 
155 	848 
155 	349 
156 	791 
156 	166 
157 	284 
157 	984 
158 	860 
159 	278 
159 	353 
160 	895 
160 	957 
161 	600 
161 	234 
162 	511 
162 	970 
162 	786 
163 	983 
163 	195 
164 	668 
164 	304 
164 	447 
164 	689 
164 	944 
164 	597 
165 	436 
166 	573 
166 	533 
166 	783 
166 	914 
166 	913 
166 	560 
166 	605 
167 	961 
167 	962 
167 	867 
167 	279 
167 	484 
167 	396 
168 	215 
168 	788 
168 	869 
168 	630 
168 	779 
168 	304 
168 	999 
169 	569 
170 	961 
170 	433 
170 	829 
171 	191 
171 	436 
172 	833 
172 	770 
172 	874 
172 	829 
172 	334 
172 	838 
173 	849 
173 	299 
173 	470 
173 	628 
173 	748 
173 	621 
173 	208 
174 	876 
174 	243 
175 	589 
175 	777 
176 	598 
176 	542 
177 	864 
178 	375 
179 	198 
179 	624 
180 	544 
180 	597 
180 	384 
181 	869 
181 	418 
182 	913 
182 	826 
183 	562 
183 	368 
184 	785 
184 	884 
185 	842 
186 	508 
186 	626 
186 	330 
186 	238 
187 	475 
187 	514 
187 	635 
187 	520 
188 	534 
189 	769 
189 	797 
190 	199 
190 	764 
191 	286 
191 	997 
192 	262 
192 	778 
193 	337 
193 	466 
194 	486 
196 	813 
196 	228 
197 	234 
197 	306 
198 	865 
199 	606 
200 	352 
200 	906 
201 	556 
201 	684 
201 	671 
201 	506 
201 	517 
202 	380 
202 	670 
202 	356 
203 	876 
203 	285 
204 	609 
205 	283 
205 	493 
206 	314 
207 	208 
207 	758 
207 	717 
208 	602 
209 	305 
209 	807 
209 	437 
209 	605 
209 	672 
210 	812 
210 	767 
211 	921 
212 	992 
212 	674 
213 	839 
213 	371 
214 	247 
214 	869 
215 	424 
215 	858 
215 	506 
215 	887 
216 	904 
216 	272 
217 	430 
217 	991 
218 	267 
218 	833 
219 	907 
219 	923 
220 	525 
220 	732 
221 	848 
222 	234 
222 	331 
223 	562 
223 	885 
224 	562 
225 	400 
226 	831 
227 	933 
227 	456 
227 	897 
227 	678 
228 	255 
228 	549 
228 	873 
229 	642 
230 	903 
230 	463 
230 	747 
230 	410 
231 	839 
231 	584 
232 	651 
233 	869 
233 	357 
234 	604 
234 	583 
234 	753 
234 	341 
234 	383 
234 	447 
234 	319 
235 	508 
235 	710 
235 	610 
235 	995 
235 	323 
235 	778 
235 	853 
235 	301 
235 	733 
235 	336 
235 	897 
235 	254 
236 	906 
236 	493 
237 	345 
237 	711 
237 	500 
237 	857 
237 	430 
237 	833 
238 	352 
238 	374 
238 	380 
238 	513 
238 	551 
239 	868 
240 	412 
240 	778 
241 	324 
241 	849 
242 	312 
243 	536 
244 	363 
244 	657 
245 	923 
245 	779 
245 	876 
246 	597 
246 	334 
247 	275 
248 	725 
248 	357 
249 	287 
249 	315 
249 	308 
250 	719 
250 	876 
251 	253 
251 	535 
252 	306 
253 	535 
254 	322 
255 	330 
256 	580 
256 	562 
257 	436 
257 	859 
258 	911 
258 	804 
258 	603 
259 	430 
259 	940 
259 	313 
259 	967 
259 	436 
259 	761 
259 	488 
260 	934 
260 	743 
260 	744 
261 	493 
261 	287 
262 	345 
263 	798 
263 	853 
264 	472 
264 	442 
265 	914 
265 	306 
265 	397 
266 	848 
267 	298 
267 	815 
267 	422 
267 	475 
267 	896 
267 	406 
267 	627 
267 	304 
267 	547 
267 	961 
267 	318 
267 	729 
267 	597 
267 	440 
267 	538 
267 	485 
267 	528 
268 	529 
269 	641 
269 	603 
270 	968 
270 	921 
270 	334 
271 	879 
272 	304 
273 	527 
274 	441 
274 	702 
274 	850 
275 	442 
276 	926 
276 	549 
276 	493 
276 	280 
277 	925 
277 	737 
277 	367 
277 	857 
277 	999 
278 	654 
279 	536 
280 	634 
280 	291 
280 	666 
281 	528 
281 	678 
282 	999 
282 	618 
282 	570 
282 	984 
282 	613 
282 	754 
283 	643 
284 	565 
284 	778 
284 	756 
284 	719 
284 	510 
284 	599 
284 	751 
284 	597 
284 	853 
284 	380 
284 	328 
284 	479 
285 	803 
285 	312 
286 	690 
287 	350 
287 	837 
287 	518 
287 	316 
288 	297 
288 	837 
289 	506 
290 	571 
290 	638 
291 	658 
291 	732 
292 	501 
292 	971 
293 	678 
293 	651 
294 	660 
294 	426 
295 	884 
295 	919 
295 	372 
295 	312 
296 	671 
297 	471 
297 	671 
297 	328 
297 	930 
297 	329 
298 	869 
298 	788 
298 	661 
298 	376 
298 	810 
299 	839 
299 	792 
300 	672 
300 	562 
301 	542 
302 	305 
302 	380 
302 	425 
303 	928 
303 	402 
304 	812 
304 	471 
304 	380 
304 	983 
305 	755 
306 	812 
306 	552 
306 	754 
306 	839 
306 	619 
306 	470 
306 	784 
306 	810 
306 	414 
306 	714 
306 	606 
306 	374 
306 	848 
307 	902 
307 	889 
308 	379 
308 	580 
308 	555 
308 	612 
308 	605 
308 	808 
309 	778 
309 	333 
310 	400 
311 	839 
311 	766 
312 	411 
312 	481 
312 	555 
312 	569 
312 	833 
312 	884 
313 	780 
314 	759 
315 	833 
315 	898 
315 	795 
315 	334 
316 	876 
316 	541 
317 	542 
317 	839 
318 	575 
319 	704 
319 	858 
319 	500 
319 	941 
319 	383 
320 	713 
320 	636 
321 	876 
321 	880 
322 	344 
322 	812 
322 	741 
322 	350 
323 	654 
323 	899 
323 	340 
324 	612 
325 	837 
325 	338 
325 	572 
326 	839 
326 	848 
326 	362 
326 	378 
326 	763 
326 	589 
327 	535 
327 	556 
328 	802 
329 	436 
329 	352 
331 	562 
331 	699 
331 	593 
332 	436 
333 	676 
333 	904 
334 	981 
334 	479 
334 	770 
334 	352 
334 	449 
334 	893 
334 	716 
334 	932 
334 	842 
334 	612 
335 	466 
335 	820 
336 	501 
336 	857 
336 	886 
336 	558 
337 	557 
338 	398 
338 	741 
339 	797 
339 	445 
340 	413 
341 	520 
341 	377 
341 	812 
341 	556 
341 	702 
341 	837 
342 	562 
343 	839 
346 	698 
346 	942 
347 	436 
347 	415 
348 	481 
348 	658 
349 	377 
350 	562 
350 	909 
351 	656 
351 	620 
351 	918 
352 	433 
352 	587 
352 	474 
352 	850 
352 	857 
352 	950 
352 	705 
352 	424 
352 	605 
352 	663 
352 	952 
352 	660 
353 	820 
353 	444 
354 	406 
354 	884 
355 	468 
355 	877 
356 	482 
356 	514 
356 	584 
356 	603 
357 	424 
358 	941 
359 	928 
359 	817 
359 	719 
360 	443 
360 	639 
361 	436 
361 	837 
361 	486 
361 	650 
363 	904 
363 	865 
365 	841 
365 	713 
366 	876 
367 	763 
367 	972 
367 	674 
367 	966 
367 	405 
367 	923 
367 	727 
367 	583 
367 	739 
367 	576 
368 	872 
369 	811 
369 	708 
370 	744 
370 	623 
371 	572 
372 	671 
373 	748 
373 	470 
373 	734 
374 	833 
374 	605 
374 	895 
375 	545 
376 	810 
377 	657 
377 	792 
377 	740 
378 	385 
378 	876 
379 	635 
379 	990 
379 	408 
379 	759 
379 	479 
380 	459 
380 	750 
380 	734 
380 	645 
380 	877 
380 	508 
380 	649 
380 	873 
380 	620 
380 	563 
380 	491 
380 	891 
380 	898 
380 	553 
380 	480 
381 	994 
381 	383 
382 	878 
383 	442 
383 	474 
383 	919 
383 	479 
383 	884 
383 	506 
383 	837 
383 	863 
383 	441 
384 	745 
385 	487 
386 	858 
386 	423 
387 	850 
387 	849 
388 	516 
388 	759 
389 	852 
389 	741 
389 	815 
390 	865 
390 	901 
391 	922 
392 	631 
392 	973 
393 	672 
394 	645 
394 	942 
394 	887 
394 	849 
394 	527 
394 	869 
394 	988 
395 	752 
396 	715 
397 	671 
399 	512 
401 	876 
401 	768 
402 	562 
403 	961 
403 	626 
405 	772 
406 	546 
406 	460 
407 	935 
407 	976 
409 	941 
409 	812 
409 	997 
410 	576 
410 	873 
411 	766 
412 	647 
413 	435 
413 	833 
413 	846 
414 	501 
415 	704 
416 	907 
416 	802 
417 	454 
417 	677 
418 	509 
419 	722 
420 	975 
420 	932 
421 	848 
422 	506 
425 	837 
425 	905 
426 	568 
426 	439 
427 	917 
427 	481 
427 	589 
428 	954 
429 	519 
430 	769 
430 	618 
430 	816 
430 	839 
430 	691 
431 	996 
432 	804 
433 	882 
433 	757 
433 	832 
433 	957 
434 	535 
434 	563 
435 	975 
436 	992 
436 	964 
436 	449 
436 	481 
436 	931 
436 	510 
436 	794 
436 	963 
436 	460 
436 	876 
437 	973 
438 	928 
438 	994 
438 	581 
439 	848 
439 	766 
440 	569 
440 	837 
441 	618 
441 	884 
441 	876 
442 	706 
442 	574 
442 	540 
442 	533 
442 	471 
442 	793 
443 	812 
444 	579 
445 	707 
445 	956 
445 	797 
445 	506 
445 	469 
445 	580 
446 	754 
446 	919 
447 	933 
447 	869 
447 	849 
448 	969 
448 	866 
449 	693 
449 	656 
449 	501 
450 	671 
451 	710 
451 	631 
452 	635 
452 	581 
453 	621 
453 	839 
453 	564 
453 	640 
454 	580 
455 	580 
455 	980 
456 	591 
457 	812 
457 	854 
458 	924 
458 	812 
459 	807 
460 	701 
460 	505 
460 	924 
460 	715 
460 	592 
461 	946 
461 	933 
462 	675 
462 	597 
463 	522 
464 	603 
464 	925 
465 	542 
466 	686 
466 	741 
467 	905 
467 	824 
468 	814 
469 	644 
470 	518 
470 	833 
470 	685 
470 	986 
471 	947 
473 	933 
473 	654 
473 	833 
474 	837 
477 	673 
477 	697 
478 	801 
479 	813 
479 	739 
479 	872 
479 	681 
480 	737 
481 	535 
481 	787 
481 	870 
481 	666 
481 	804 
481 	839 
482 	603 
482 	907 
482 	639 
483 	822 
484 	590 
484 	698 
484 	823 
485 	775 
486 	914 
486 	772 
486 	749 
487 	902 
487 	536 
488 	810 
488 	695 
488 	849 
488 	898 
489 	933 
489 	524 
489 	618 
490 	815 
491 	614 
491 	951 
491 	671 
491 	638 
492 	916 
494 	816 
494 	766 
495 	590 
496 	635 
496 	948 
497 	966 
497 	910 
497 	785 
497 	671 
498 	715 
498 	562 
499 	708 
499 	928 
499 	580 
500 	985 
501 	730 
501 	974 
501 	907 
501 	842 
501 	657 
502 	688 
502 	740 
503 	930 
503 	979 
504 	605 
504 	583 
505 	848 
505 	861 
506 	865 
506 	724 
506 	734 
507 	554 
507 	508 
507 	826 
508 	872 
508 	626 
508 	839 
508 	625 
508 	790 
508 	884 
508 	821 
508 	595 
508 	931 
509 	785 
511 	886 
512 	721 
512 	671 
513 	935 
513 	955 
513 	707 
513 	779 
513 	534 
513 	933 
513 	837 
513 	694 
513 	975 
513 	999 
513 	928 
514 	588 
515 	540 
515 	672 
516 	604 
517 	778 
517 	526 
519 	590 
521 	779 
521 	995 
521 	574 
522 	742 
523 	852 
523 	836 
524 	812 
525 	715 
525 	707 
525 	559 
526 	618 
526 	817 
526 	661 
528 	727 
529 	912 
530 	823 
530 	829 
531 	916 
531 	884 
534 	671 
535 	542 
535 	995 
535 	580 
535 	884 
535 	830 
535 	972 
535 	666 
537 	572 
537 	714 
538 	816 
538 	809 
538 	849 
538 	860 
538 	813 
539 	689 
539 	586 
540 	972 
540 	799 
541 	728 
541 	700 
541 	904 
542 	752 
542 	620 
542 	878 
542 	700 
542 	603 
542 	657 
542 	561 
542 	856 
543 	779 
543 	837 
545 	773 
546 	859 
547 	684 
547 	905 
548 	872 
548 	822 
550 	876 
550 	735 
550 	818 
551 	943 
552 	747 
553 	583 
553 	923 
553 	592 
553 	989 
554 	849 
555 	614 
555 	805 
556 	690 
557 	945 
558 	884 
558 	662 
559 	810 
559 	876 
559 	680 
561 	993 
562 	618 
562 	654 
562 	574 
562 	687 
563 	833 
563 	630 
564 	950 
565 	805 
566 	812 
566 	974 
567 	849 
567 	749 
567 	907 
568 	837 
570 	622 
571 	853 
572 	849 
572 	574 
573 	672 
574 	615 
574 	715 
574 	854 
574 	837 
574 	617 
574 	637 
576 	844 
576 	976 
577 	781 
577 	728 
578 	812 
579 	743 
579 	976 
579 	839 
580 	711 
580 	951 
580 	884 
580 	894 
580 	825 
580 	829 
580 	724 
582 	777 
583 	877 
585 	785 
585 	962 
586 	806 
590 	972 
593 	842 
594 	610 
594 	898 
595 	788 
596 	838 
596 	690 
597 	658 
597 	789 
597 	755 
599 	920 
601 	683 
601 	671 
602 	799 
603 	772 
603 	884 
603 	961 
604 	937 
605 	815 
605 	772 
605 	654 
607 	778 
607 	913 
608 	776 
609 	813 
610 	991 
611 	618 
611 	754 
612 	857 
612 	879 
612 	700 
612 	955 
614 	688 
614 	709 
616 	957 
616 	834 
617 	812 
618 	965 
618 	793 
618 	876 
618 	712 
618 	833 
618 	915 
619 	787 
621 	642 
621 	716 
621 	812 
622 	991 
622 	661 
622 	639 
622 	654 
623 	625 
624 	876 
627 	629 
627 	786 
628 	949 
629 	907 
632 	900 
632 	998 
634 	829 
635 	663 
635 	967 
635 	640 
636 	688 
640 	669 
640 	963 
641 	876 
642 	999 
643 	933 
643 	860 
644 	837 
644 	933 
644 	885 
646 	928 
646 	841 
647 	843 
650 	735 
652 	716 
653 	718 
654 	749 
654 	658 
654 	840 
655 	848 
655 	940 
657 	810 
658 	688 
658 	960 
658 	848 
658 	890 
659 	962 
659 	831 
660 	857 
662 	943 
663 	864 
664 	902 
664 	800 
666 	999 
667 	703 
668 	804 
669 	870 
669 	875 
669 	759 
670 	998 
671 	771 
671 	907 
671 	909 
673 	938 
675 	760 
675 	711 
676 	837 
676 	918 
676 	987 
676 	845 
679 	966 
679 	712 
680 	849 
682 	952 
682 	719 
683 	842 
684 	884 
686 	701 
687 	876 
689 	991 
691 	837 
692 	834 
692 	796 
693 	833 
695 	771 
696 	869 
696 	958 
697 	851 
698 	942 
699 	764 
699 	744 
699 	822 
703 	973 
703 	704 
704 	975 
704 	954 
704 	833 
705 	884 
706 	742 
706 	991 
706 	728 
707 	876 
707 	910 
708 	899 
709 	959 
710 	927 
716 	753 
716 	998 
717 	945 
718 	743 
719 	818 
719 	888 
720 	736 
721 	811 
722 	839 
723 	839 
725 	729 
726 	977 
727 	849 
730 	779 
731 	794 
732 	928 
733 	989 
734 	896 
736 	907 
737 	987 
738 	848 
739 	939 
741 	898 
742 	984 
742 	779 
742 	800 
745 	923 
746 	884 
746 	814 
749 	836 
749 	842 
749 	965 
750 	857 
751 	829 
753 	923 
753 	813 
755 	827 
755 	814 
756 	837 
758 	879 
758 	902 
760 	873 
760 	862 
761 	804 
765 	984 
765 	927 
766 	990 
766 	868 
767 	782 
768 	982 
768 	937 
773 	856 
778 	898 
778 	839 
778 	936 
779 	833 
779 	927 
779 	951 
780 	935 
781 	994 
781 	837 
782 	870 
783 	952 
785 	972 
785 	943 
786 	875 
787 	976 
788 	882 
789 	974 
790 	808 
793 	839 
796 	848 
797 	933 
798 	884 
801 	849 
804 	849 
804 	812 
806 	833 
809 	853 
810 	869 
812 	837 
812 	876 
812 	980 
812 	930 
813 	920 
819 	941 
819 	998 
821 	837 
822 	984 
824 	833 
825 	898 
827 	959 
828 	851 
829 	953 
829 	866 
830 	863 
831 	872 
831 	960 
832 	952 
833 	988 
833 	934 
833 	917 
835 	957 
835 	909 
835 	848 
837 	912 
837 	849 
837 	876 
837 	864 
839 	888 
839 	898 
839 	937 
839 	923 
839 	883 
839 	848 
839 	929 
840 	941 
843 	903 
845 	986 
845 	976 
845 	947 
846 	898 
848 	890 
849 	964 
853 	943 
854 	928 
855 	976 
857 	861 
857 	865 
857 	933 
857 	876 
859 	908 
862 	999 
864 	911 
871 	938 
874 	985 
875 	956 
876 	933 
876 	978 
876 	970 
877 	937 
877 	898 
878 	917 
881 	898 
883 	884 
884 	995 
886 	996 
888 	897 
891 	994 
898 	905 
898 	972 
899 	933 
901 	933 
907 	923 
907 	935 
909 	915 
922 	941 
923 	990 
923 	969 
923 	976 
928 	953 
929 	937 
933 	978 
933 	968 
933 	957 
934 	961 
939 	943 
940 	984 
949 	962 
951 	982 
