0	50
0.0838686	51
0.166775	52
0.251167	51
0.337249	50
0.418525	49
0.516038	50
0.620672	51
0.703472	52
0.801134	51
0.905743	50
0.983184	51
1.07877	52
1.18375	51
1.27145	52
1.41807	53
1.49718	54
1.57342	53
1.67156	52
1.75039	53
1.86993	54
1.96238	55
2.04134	54
2.13105	55
2.21811	54
2.33603	53
2.41127	54
2.49018	53
2.59203	54
2.71406	55
2.7965	54
2.86804	55
2.94215	54
3.03464	55
3.12979	56
3.22262	57
3.30719	56
3.3894	57
3.45926	58
3.54982	57
3.6372	58
3.73536	59
3.81041	58
3.89718	57
3.98072	58
4.0756	59
4.15325	60
4.309	61
4.39232	60
4.4845	61
4.55753	62
4.66218	63
4.72867	62
4.81428	63
4.88283	64
4.95654	65
5.02124	64
5.11311	65
5.19146	64
5.26625	63
5.3588	64
5.44194	63
5.50825	62
5.59871	61
5.70556	60
5.78547	61
5.85219	60
5.92166	61
6.01336	62
6.08497	63
6.15265	64
6.21742	65
6.28831	66
6.35739	65
6.42857	64
6.55804	63
6.62441	64
6.71679	65
6.78768	66
6.86431	65
6.94225	66
7.00525	65
7.06848	64
7.13598	63
7.2112	64
7.29657	65
7.43614	64
7.50501	63
7.64609	62
7.7169	63
7.79991	62
7.87909	63
8.02004	64
8.10207	65
8.18435	64
8.2544	63
8.31976	64
8.40122	65
8.47097	66
8.54319	67
8.6097	66
8.68752	67
8.78044	66
8.84696	67
8.92365	68
8.9902	67
9.06926	68
9.17311	67
9.25013	66
9.362	65
9.43045	64
9.50004	65
9.57968	66
9.66352	65
9.73817	66
9.80443	65
9.89091	64
9.96267	65
10.0529	64
10.1255	65
10.1904	66
10.2554	65
10.3448	66
10.4259	67
10.5113	68
10.582	69
10.6589	68
10.7241	67
10.8169	68
10.9048	67
10.9705	68
11.0347	69
11.1278	68
11.2054	69
11.2738	70
11.341	69
11.4108	68
11.4758	67
11.5522	66
11.6308	65
11.6958	64
11.7746	65
11.8446	64
11.9124	65
12.024	64
12.0997	63
12.1802	64
12.2506	65
12.3351	66
12.4325	67
12.5202	66
12.6012	65
12.6674	66
12.7586	65
12.8229	66
12.9042	67
12.9915	66
13.1282	65
13.2033	66
13.2713	67
13.3469	66
13.4131	67
13.4845	66
13.5702	65
13.6342	66
13.7069	67
13.7888	66
13.8586	65
13.9632	64
14.032	65
14.1586	64
14.2409	63
14.3079	64
14.4044	63
14.4919	64
14.6115	63
14.6775	62
14.7552	61
14.825	62
14.8968	63
14.9782	62
15.0449	61
15.1157	60
15.2019	59
15.2867	58
15.3559	59
15.4393	60
15.5091	59
15.5819	58
15.6673	57
15.7384	56
15.8159	55
15.8907	54
15.9655	55
16.0382	54
16.1493	53
16.2232	54
16.2994	55
16.3772	54
16.4582	55
16.5383	54
16.6273	53
16.7037	52
16.7896	53
16.9033	52
17.0204	53
17.1184	52
17.2413	51
17.3242	50
17.4015	51
17.5019	50
17.5827	51
17.6689	50
17.7538	49
17.8334	48
17.9314	47
18.0172	48
18.1522	47
18.2566	46
18.4008	47
18.5097	48
18.7251	47
18.8172	48
18.8986	49
18.9765	48
19.0608	47
19.1434	46
19.2262	47
19.3285	46
19.4238	45
19.5158	46
19.6104	47
19.6926	48
19.7955	49
19.8779	50
19.9615	49
20.049	50
20.1658	49
20.2524	50
20.3864	51
20.4853	50
20.6424	49
20.7197	50
20.8306	51
20.9046	50
20.9886	49
21.0761	48
21.1701	49
21.2742	48
21.3618	47
21.5041	48
21.5861	49
21.6674	50
21.7441	51
21.8223	52
21.8989	51
21.9887	52
22.0641	51
22.1583	52
22.2462	51
22.3261	50
22.4138	49
22.5329	50
22.6148	51
22.7185	52
22.7979	53
22.8804	52
22.982	53
23.067	52
23.147	53
23.2295	54
23.3043	53
23.3869	52
23.4791	53
23.5687	52
23.6483	51
23.727	52
23.9023	53
23.9846	54
24.1009	55
24.1773	56
24.2622	55
24.3479	56
24.4258	57
24.5608	58
24.738	57
24.8325	58
24.9303	57
25.0537	58
25.1541	59
25.2351	60
25.3186	61
25.4182	62
25.4877	63
25.5654	62
25.6381	63
25.7601	62
25.8318	61
25.9215	60
25.9943	61
26.1074	60
26.1884	59
26.2585	58
26.3429	59
26.4885	58
26.5738	59
26.6627	60
26.7338	59
26.8122	60
26.8793	61
26.9653	60
27.04	59
27.1251	60
27.2056	61
27.2915	60
27.3751	61
27.4426	62
27.5088	63
27.5758	64
27.6541	63
27.7437	64
27.8135	65
27.8859	66
27.9517	65
28.0238	66
28.1062	67
28.1735	66
28.2642	65
28.3343	66
28.3973	67
28.4638	66
28.5456	67
28.6114	66
28.7239	67
28.7915	68
28.8577	67
28.9536	68
29.0506	69
29.123	68
29.1838	67
29.2466	66
29.3244	67
29.4028	66
29.4697	65
29.5359	66
29.6266	67
29.7046	66
29.8162	65
29.8882	64
29.9864	65
30.0607	66
30.138	65
30.2232	66
30.2881	65
30.3929	66
30.4611	67
30.5448	68
30.624	67
30.6927	66
30.7635	67
30.8332	68
30.8974	69
30.9582	70
31.0221	69
31.0873	70
31.1724	69
31.2365	68
31.318	67
31.3912	66
31.467	65
31.5446	66
31.6181	67
31.6839	68
31.759	67
31.8357	66
31.9123	67
31.9926	66
32.0617	65
32.1358	66
32.2011	65
32.2866	66
32.3561	65
32.4211	64
32.4929	63
32.5994	62
32.6667	61
32.7379	62
32.8074	61
32.9055	60
33.0013	59
33.0773	58
33.1521	59
33.2261	58
33.3136	59
33.3902	60
33.4738	59
33.5407	58
33.6183	59
33.7075	60
33.8062	61
33.8863	60
33.9534	61
34.0428	60
34.1144	59
34.1874	58
34.2561	59
34.3289	58
34.3973	57
34.4682	56
34.5398	55
34.6188	54
34.7168	53
34.7955	54
34.911	53
35.0015	54
35.074	55
35.1461	54
35.2472	55
35.3345	56
35.4129	57
35.4892	56
35.626	55
35.6975	56
35.777	57
35.8634	56
35.9396	55
36.0256	56
36.1119	57
36.1871	56
36.2592	55
36.3507	56
36.4267	55
36.5036	54
36.5915	53
36.7009	52
36.7932	53
36.8661	54
36.9442	55
37.0156	54
37.0947	55
37.1666	54
37.2808	53
37.3658	54
37.4388	55
37.5112	54
37.5898	53
37.6624	54
37.7401	55
37.8117	56
37.9384	57
38.0193	56
38.0898	55
38.194	56
38.3185	57
38.429	56
38.5144	57
38.6003	58
38.701	59
38.7924	60
38.8763	59
38.9525	58
39.0215	59
39.1027	60
39.1712	59
39.2436	60
39.33	61
39.4192	62
39.4899	61
39.5696	62
39.6958	63
39.7803	62
39.9308	63
40.0229	64
40.1033	65
40.1956	66
40.2946	65
40.3607	64
40.4287	65
40.499	64
40.573	65
40.6403	64
40.708	65
40.7906	64
40.8605	65
40.9473	66
41.0157	67
41.0903	68
41.1651	67
41.2328	66
41.2957	67
41.3737	66
41.4444	65
41.515	66
41.6134	65
41.6766	66
41.7611	65
41.8664	66
41.9324	65
42.0406	66
42.1197	67
42.2037	68
42.2722	69
42.3415	70
42.4204	69
42.5079	70
42.5684	69
42.6353	68
42.6979	69
42.8296	70
42.8947	69
42.9716	68
43.0332	67
43.1043	68
43.1678	69
43.2369	70
43.3192	69
43.381	68
43.4841	67
43.5579	66
43.6425	67
43.7112	68
43.7715	69
43.8398	68
43.9158	67
43.9818	66
44.0618	67
44.1711	68
44.2443	69
44.3039	68
44.3962	69
44.4694	70
44.5327	71
44.6139	70
44.6851	69
44.7601	70
44.8663	71
44.925	70
45.0275	71
45.0883	72
45.1716	73
45.2368	72
45.2962	71
45.3576	72
45.4293	73
45.4903	74
45.5477	73
45.6304	72
45.6882	73
45.7576	74
45.819	75
45.8784	76
45.9358	75
46.0651	76
46.1401	77
46.2041	76
46.272	75
46.3381	74
46.4013	73
46.4623	74
46.5249	75
46.5862	76
46.6714	75
46.7332	74
46.7969	73
46.8641	74
46.9396	73
47.0046	72
47.0661	71
47.1295	70
47.1959	69
47.263	70
47.3265	71
47.3921	70
47.4539	69
47.5218	68
47.5832	67
47.6506	68
47.7115	69
47.7809	70
47.8463	71
47.9129	70
47.9753	71
48.0491	70
48.1084	71
48.1686	70
48.2535	71
48.328	70
48.3922	69
48.4637	68
48.5442	67
48.6211	68
48.696	69
48.7553	68
48.8342	69
48.9048	70
48.964	71
49.0233	72
49.1271	73
49.1863	72
49.2553	73
49.3213	72
49.4122	71
49.4736	72
49.5326	73
49.6156	74
49.6753	75
49.7522	74
49.8619	75
49.9224	74
49.9853	73
50.0432	72
50.1035	71
50.1805	72
50.2586	73
50.3356	72
50.3999	73
50.4642	72
50.5313	71
50.6301	70
50.7089	71
50.7776	72
50.8392	71
50.9051	72
50.9641	73
51.0405	72
51.0985	73
51.1564	74
51.2422	73
51.3028	74
51.3663	75
51.4322	74
51.4961	75
51.5641	74
51.6269	73
51.6945	74
51.7573	75
51.8331	74
51.9287	75
52.0197	74
52.1027	73
52.1683	72
52.2546	73
52.3147	74
52.375	75
52.4414	76
52.5004	75
52.5635	74
52.6284	75
52.6876	74
52.7541	73
52.8572	74
52.9153	73
53.0054	74
53.0706	73
53.1734	72
53.2734	71
53.3648	70
53.4253	71
53.5062	70
53.5717	71
53.6554	70
53.718	69
53.7944	70
53.8723	71
53.9549	70
54.0173	71
54.0977	72
54.1582	71
54.2431	70
54.3106	71
54.4183	70
54.4797	69
54.5404	70
54.6174	71
54.6777	70
54.7402	69
54.806	68
54.8965	67
54.9635	68
55.0266	67
55.0969	68
55.1687	69
55.2385	68
55.3267	67
55.3874	68
55.4546	69
55.5173	68
55.5848	67
55.6731	68
55.7411	69
55.8018	70
55.8798	69
55.9496	68
56.0247	67
56.0857	66
56.1474	65
56.2255	66
56.352	67
56.4147	66
56.4972	67
56.5789	66
56.6432	65
56.7471	64
56.8218	65
56.942	66
57.0036	67
57.0768	68
57.1449	67
57.2105	66
57.2746	67
57.3467	66
57.4137	65
57.4959	64
57.5603	63
57.6357	62
57.7008	63
57.7782	62
57.846	61
57.9102	60
57.9747	61
58.0412	60
58.1246	59
58.2115	58
58.281	59
58.3474	60
58.4355	59
58.5112	58
58.5786	59
58.6545	60
58.7231	61
58.7924	60
58.8565	61
58.941	62
59.0076	63
59.0743	64
59.1444	63
59.2121	64
59.2787	63
59.3833	64
59.4606	63
59.559	64
59.6522	63
59.7212	62
59.7941	63
59.8778	62
59.9705	63
60.0432	64
60.1232	63
60.1967	62
60.2651	61
60.333	62
60.4287	61
60.4995	60
60.589	61
60.6553	62
60.7213	63
60.7958	64
60.8783	65
60.9455	64
61.0211	65
61.0856	66
61.1477	67
61.2357	68
61.3039	67
61.3696	68
61.4688	69
61.5489	70
61.6283	69
61.6938	70
61.7704	69
61.8293	70
61.8962	69
61.9737	68
62.0602	67
62.1208	66
62.1853	67
62.2829	68
62.357	69
62.4176	70
62.479	71
62.5424	72
62.6456	71
62.7084	72
62.7707	73
62.8316	72
62.9024	73
62.9837	74
63.0549	73
63.1137	74
63.176	73
63.2511	72
63.3096	73
63.3745	72
63.4452	73
63.5215	74
63.5834	75
63.6832	74
63.7507	73
63.8073	72
63.8676	73
63.9303	74
64.0041	75
64.0738	74
64.1407	73
64.2318	74
64.2897	75
64.3591	76
64.4196	77
64.4832	76
64.5436	75
64.6275	76
64.6841	77
64.7612	76
64.8479	77
64.9169	76
64.972	77
65.028	76
65.0863	75
65.1447	76
65.1998	77
65.2579	76
65.3197	75
65.3762	76
65.4596	75
65.5344	74
65.6387	75
65.7038	76
65.7608	75
65.8187	74
65.8751	73
65.9517	74
66.0108	75
66.0692	76
66.1363	75
66.2083	76
66.2697	75
66.3251	74
66.3865	73
66.462	74
66.5199	73
66.5838	74
66.6434	73
66.7177	72
66.7782	73
66.8584	74
66.9206	73
66.9802	72
67.0499	71
67.1108	72
67.1741	73
67.2392	72
67.2974	73
67.3596	74
67.4292	75
67.4871	76
67.5426	77
67.6324	78
67.6915	79
67.7531	80
67.83	81
67.9162	82
67.9751	81
68.0496	82
68.1075	83
68.1605	82
68.217	81
68.2796	80
68.3677	79
68.4299	78
68.5303	79
68.5996	78
68.6583	77
68.715	78
68.7714	77
68.8305	76
68.8902	77
68.9592	78
69.0185	77
69.0795	76
69.1731	75
69.2366	76
69.3033	75
69.3587	74
69.4191	75
69.4856	74
69.5591	73
69.6167	72
69.6998	73
69.7575	74
69.8129	73
69.9067	72
69.9781	71
70.0495	70
70.1208	71
70.1787	70
70.2574	69
70.3158	68
70.3911	67
70.478	68
70.5563	69
70.6189	70
70.6795	71
70.74	72
70.8054	73
70.8741	72
70.9589	73
71.0176	72
71.0819	73
71.1424	72
71.2479	71
71.3065	72
71.3668	71
71.4618	70
71.5204	69
71.5811	70
71.6482	69
71.7168	70
71.8384	71
71.9123	72
71.9734	73
72.0521	72
72.1155	73
72.1766	74
72.2414	75
72.3089	76
72.3706	75
72.4339	74
72.4914	73
72.5516	74
72.6314	75
72.6915	74
72.7909	73
72.857	72
72.9225	71
73.0041	70
73.0659	71
73.1283	70
73.2138	69
73.2836	70
73.3945	69
73.474	70
73.5492	69
73.6147	70
73.6981	69
73.7779	70
73.8397	71
73.9008	72
73.9605	73
74.036	72
74.1136	73
74.1949	74
74.2595	73
74.3337	72
74.3932	73
74.4648	74
74.5302	75
74.5907	74
74.6518	73
74.7125	72
74.7712	73
74.8317	72
74.9462	71
75.0216	72
75.1322	71
75.2104	70
75.2915	69
75.3803	70
75.4484	69
75.519	70
75.5889	71
75.6484	72
75.7077	73
75.8059	74
75.8821	73
75.9412	72
76.0125	73
76.0728	74
76.1314	75
76.2387	76
76.2965	75
76.4028	74
76.4864	75
76.5534	76
76.6121	77
76.6727	76
76.7351	75
76.8096	76
76.8709	77
76.9563	76
77.0211	77
77.0829	78
77.1653	77
77.2235	78
77.3353	77
77.3994	76
77.4777	75
77.5369	74
77.6061	73
77.6673	74
77.7403	73
77.8142	72
77.8962	71
77.9591	72
78.0295	71
78.1115	72
78.1737	73
78.2308	72
78.321	71
78.3823	72
78.4536	73
78.5345	72
78.6148	73
78.6765	72
78.7547	73
78.8265	74
78.8857	75
78.9477	74
79.0101	75
79.0705	76
79.133	77
79.2034	78
79.2757	77
79.3409	76
79.4152	77
79.4728	78
79.5409	77
79.6121	78
79.6783	77
79.7378	78
79.8103	79
79.8718	78
79.9327	77
79.992	76
80.0653	77
80.1264	76
80.2288	75
80.2921	76
80.3565	77
80.4548	76
80.5403	77
80.5983	76
80.6657	75
80.7481	74
80.8256	73
80.8837	74
80.9773	75
81.0547	74
81.1181	73
81.1883	74
81.2506	73
81.3122	74
81.3984	73
81.4663	74
81.5331	73
81.6085	72
81.6719	71
81.7893	72
81.9105	73
81.9762	74
82.0351	73
82.1177	72
82.2047	71
82.2654	72
82.3274	71
82.4081	72
82.4787	71
82.543	70
82.604	71
82.6643	70
82.7278	69
82.8296	68
82.8929	67
82.9708	66
83.0429	67
83.1052	66
83.1709	67
83.2346	66
83.3018	65
83.3723	66
83.4635	65
83.5259	64
83.5927	63
83.7171	62
83.782	63
83.8553	64
83.9411	63
84.0325	64
84.1051	63
84.1704	62
84.2758	61
84.3486	60
84.4149	59
84.4907	58
84.5706	57
84.64	56
84.7929	57
84.8641	56
84.9399	57
85.0257	56
85.1181	55
85.2122	56
85.2879	55
85.3837	54
85.4553	55
85.5562	56
85.626	57
85.7139	58
85.8642	59
85.9783	60
86.0479	59
86.1345	60
86.227	59
86.2944	60
86.3667	59
86.4436	60
86.5306	59
86.6039	60
86.6719	61
86.7723	62
86.8615	63
86.9413	64
87.0527	65
87.1197	64
87.2461	63
87.3486	64
87.4204	63
87.5188	64
87.5861	63
87.6581	62
87.7258	61
87.7942	62
87.8637	61
87.9488	60
88.0242	59
88.1072	58
88.1922	59
88.2635	60
88.3808	59
88.4976	58
88.582	57
88.6538	58
88.7232	59
88.796	60
88.8921	61
88.9742	60
89.0472	61
89.1188	62
89.195	63
89.275	62
89.3634	63
89.441	64
89.5388	65
89.6101	66
89.6739	67
89.7374	66
89.8063	65
89.8784	66
89.9433	65
90.0083	66
90.0849	65
90.1563	64
90.2304	65
90.2966	64
90.3826	65
90.455	64
90.5377	65
90.6108	66
90.6887	65
90.7776	66
90.841	65
90.9272	66
91.0058	65
91.1254	66
91.1906	67
91.2554	68
91.3184	69
91.3879	70
91.4505	71
91.5232	72
91.5918	71
91.6552	72
91.7163	71
91.7994	70
91.883	69
91.947	68
92.0243	67
92.1135	66
92.1831	65
92.2555	64
92.3246	65
92.4406	66
92.5126	67
92.5772	66
92.6511	67
92.7189	66
92.8126	65
92.8954	66
92.9642	65
93.035	66
93.1089	67
93.1741	68
93.2451	69
93.3149	70
93.3752	71
93.437	72
93.4997	71
93.5622	72
93.6242	71
93.7112	70
93.7767	69
93.8453	70
93.9077	69
93.9781	70
94.0687	69
94.1465	70
94.2243	69
94.31	68
94.3844	67
94.4769	66
94.5428	65
94.6185	66
94.6835	65
94.7652	66
94.8322	67
94.9005	68
94.9698	69
95.0418	68
95.1064	67
95.1717	66
95.2465	65
95.3211	66
95.3897	67
95.4833	68
95.5994	67
95.6814	66
95.7455	65
95.8131	64
95.9217	63
96.0009	64
96.147	65
96.2182	66
96.2921	67
96.3571	66
96.4206	65
96.4885	64
96.5623	65
96.6661	66
96.7703	67
96.8607	68
96.9332	69
97.0136	70
97.0807	69
97.147	68
97.2217	67
97.3045	68
97.3867	69
97.4506	68
97.528	67
97.6049	66
97.6804	67
97.7453	68
97.8107	69
97.8904	68
97.9664	67
98.0306	66
98.0973	67
98.1693	66
98.2403	67
98.3071	66
98.3757	67
98.442	66
98.5321	65
98.6008	66
98.6766	65
98.7512	64
98.8198	65
98.902	64
98.9753	65
99.0532	64
99.1177	65
99.1833	64
99.2734	63
99.3387	64
99.4163	65
99.4892	64
99.5639	63
99.6412	64
99.7111	65
99.7845	66
99.8906	67
99.9628	68
100.035	69
100.139	68
100.202	69
100.278	70
100.375	71
100.449	72
100.513	73
100.59	72
100.668	73
100.731	74
100.831	75
100.898	74
100.983	73
101.05	72
101.121	71
101.205	70
101.278	71
101.365	72
101.43	71
101.497	70
101.569	69
101.666	68
101.735	67
101.806	68
101.884	69
101.958	70
102.035	71
102.096	70
102.157	69
102.221	70
102.301	71
102.361	70
102.429	69
102.499	70
102.559	69
102.648	68
102.71	69
102.782	70
102.843	71
102.904	70
102.977	69
103.047	68
103.121	69
103.184	68
103.278	69
103.345	68
103.44	67
103.503	66
103.582	67
103.646	66
103.713	67
103.781	68
103.854	67
103.925	68
103.994	69
104.067	68
104.135	69
104.201	68
104.264	69
104.366	70
104.431	69
104.501	68
104.585	67
104.667	66
104.742	65
104.83	64
104.902	65
105.013	64
105.095	65
105.172	64
105.259	65
105.33	66
105.395	65
105.477	66
105.55	65
105.648	66
105.728	67
105.826	68
105.893	69
105.968	68
106.034	67
106.106	66
106.173	67
106.26	68
106.416	69
106.489	70
106.611	71
106.686	70
106.752	69
106.831	68
106.933	69
107.002	70
107.106	69
107.171	68
107.237	69
107.398	70
107.469	69
107.541	68
107.616	69
107.718	70
107.786	69
107.864	70
107.931	71
108.033	70
108.129	69
108.224	70
108.289	69
108.379	70
108.462	71
108.525	72
108.593	73
108.661	74
108.73	73
108.857	72
108.932	73
109	74
109.077	73
109.149	74
109.216	75
109.287	74
109.353	73
109.415	74
109.478	73
109.54	72
109.615	71
109.677	70
109.745	69
109.818	70
109.902	69
109.969	70
110.032	71
110.192	72
110.27	73
110.331	72
110.396	73
110.458	72
110.525	73
110.641	72
110.739	71
110.808	72
110.871	73
110.935	72
110.998	71
111.077	70
111.139	69
111.206	70
111.266	69
111.349	70
111.41	69
111.472	68
111.544	67
111.617	66
111.697	67
111.792	68
111.861	69
111.937	70
112	69
112.108	68
112.193	69
112.258	70
112.329	71
112.393	70
112.462	69
112.524	70
112.6	71
112.671	72
112.73	71
112.79	70
112.856	69
112.924	70
113.02	69
113.089	68
113.151	67
113.221	68
113.307	67
113.373	66
113.442	65
113.525	66
113.59	67
113.661	66
113.747	67
113.818	68
113.882	67
113.948	66
114.012	65
114.084	66
114.213	67
114.361	68
114.422	67
114.489	66
114.579	67
114.665	68
114.733	69
114.811	70
114.877	69
114.94	68
115.01	67
115.073	68
115.135	67
115.215	68
115.288	67
115.396	68
115.507	69
115.58	70
115.642	71
115.701	72
115.792	71
115.868	72
115.931	73
115.991	74
116.071	75
116.129	76
116.193	77
116.258	78
116.333	79
116.396	80
116.472	79
116.534	78
116.599	77
116.665	78
116.742	77
116.8	78
116.878	77
116.94	78
117.032	79
117.093	80
117.166	79
117.224	78
117.286	77
117.346	78
117.415	77
117.484	78
117.54	77
117.625	76
117.684	77
117.774	76
117.832	77
117.894	76
117.953	75
118.035	74
118.099	75
118.181	74
118.244	75
118.311	74
118.369	73
118.432	74
118.498	73
118.567	72
118.635	73
118.718	74
118.792	75
118.853	76
118.916	75
118.982	76
119.058	77
119.122	78
119.18	79
119.248	78
119.312	77
119.394	76
119.458	77
119.527	76
119.583	77
119.642	78
119.712	77
119.777	76
119.855	77
119.921	76
120.002	77
120.061	76
120.128	75
120.212	76
120.271	77
120.337	76
120.401	75
120.46	76
120.519	75
120.579	76
120.65	75
120.712	74
120.775	75
120.838	76
120.897	77
120.958	76
121.026	77
121.084	78
121.171	79
121.231	80
121.285	81
121.348	80
121.418	79
121.478	78
121.534	79
121.594	78
121.653	77
121.72	78
121.779	79
121.84	80
121.909	81
121.968	82
122.027	83
122.091	84
122.174	83
122.251	84
122.311	83
122.37	82
122.445	83
122.499	82
122.571	83
122.631	84
122.703	85
122.763	84
122.821	85
122.883	84
122.937	83
123.006	84
123.069	85
123.13	84
123.193	85
123.247	84
123.301	83
123.358	82
123.415	83
123.47	82
123.526	81
123.61	80
123.682	81
123.745	80
123.862	79
123.936	78
123.994	77
124.052	76
124.128	75
124.193	74
124.256	75
124.334	76
124.407	77
124.489	78
124.554	79
124.619	80
124.677	81
124.743	82
124.81	81
124.871	80
124.941	81
125.035	80
125.093	81
125.175	82
125.243	81
125.313	82
125.369	83
125.443	84
125.498	83
125.556	82
125.612	81
125.691	80
125.768	79
125.829	78
125.905	77
125.978	76
126.067	77
126.129	76
126.194	77
126.281	76
126.349	77
126.421	78
126.479	77
126.568	78
126.641	79
126.703	80
126.769	79
126.83	80
126.903	81
126.966	82
127.061	83
127.133	82
127.194	83
127.252	82
127.312	83
127.389	84
127.447	85
127.502	86
127.59	87
127.651	88
127.711	89
127.768	90
127.85	91
127.901	90
127.958	89
128.044	88
128.099	87
128.181	88
128.258	89
128.31	90
128.363	89
128.429	90
128.512	91
128.573	90
128.624	89
128.684	88
128.763	87
128.833	88
128.888	89
128.945	90
129.013	91
129.074	92
129.125	91
129.178	92
129.238	91
129.301	92
129.367	93
129.432	92
129.489	93
129.544	94
129.598	93
129.653	94
129.713	95
129.767	96
129.828	95
129.894	96
129.945	95
129.996	96
130.051	95
130.1	96
130.163	97
130.212	96
130.267	95
130.341	94
130.407	93
130.457	92
130.509	91
130.576	90
130.631	89
130.702	88
130.776	89
130.827	90
130.879	89
130.94	88
130.993	89
131.052	90
131.104	89
131.179	88
131.237	89
131.295	90
131.362	89
131.434	90
131.487	91
131.543	90
131.597	91
131.677	92
131.743	91
131.794	92
131.868	93
131.917	94
131.974	93
132.052	94
132.111	93
132.161	94
132.211	93
132.26	92
132.31	93
132.369	92
132.423	93
132.472	92
132.522	93
132.575	92
132.63	93
132.681	94
132.745	95
132.793	96
132.844	95
132.902	94
132.964	93
133.022	92
133.072	93
133.122	94
133.189	93
133.238	92
133.29	93
133.349	94
133.413	95
133.467	94
133.518	95
133.569	96
133.625	97
133.696	98
133.745	97
133.812	96
133.862	95
133.91	96
133.979	95
134.037	96
134.087	97
134.145	98
134.197	99
134.247	98
134.295	97
134.355	98
134.425	97
134.482	98
134.529	97
134.581	98
134.638	97
134.687	96
134.736	97
134.784	96
134.833	95
134.881	94
134.942	93
134.994	94
135.043	95
135.091	94
135.142	93
135.196	94
135.278	95
135.332	94
135.392	95
135.444	96
135.502	95
135.565	94
135.614	93
135.664	92
135.726	93
135.782	92
135.839	91
135.892	92
135.946	91
136.002	92
136.051	93
136.1	94
136.166	95
136.215	96
136.265	95
136.317	96
136.377	97
136.43	98
136.506	97
136.56	98
136.621	97
136.669	96
136.726	95
136.778	94
136.829	95
136.881	96
136.943	97
137	96
137.052	97
137.108	96
137.156	97
137.21	96
137.261	97
137.309	98
137.367	99
137.416	98
137.48	99
137.543	98
137.603	97
137.652	98
137.71	99
137.775	100
137.832	101
137.881	102
137.942	103
137.998	104
138.064	105
138.114	106
138.179	105
138.256	106
138.314	107
138.386	108
138.455	107
138.509	106
138.567	105
138.624	106
138.67	105
138.716	104
138.762	103
138.818	102
138.865	103
138.919	104
138.985	105
139.038	106
139.085	107
139.133	106
139.189	107
139.257	106
139.303	105
139.36	104
139.41	103
139.466	102
139.519	101
139.591	102
139.641	101
139.689	100
139.759	99
139.825	100
139.879	101
139.943	100
140.007	99
140.07	100
140.127	99
140.18	98
140.242	97
140.308	98
140.368	99
140.429	100
140.479	99
140.565	98
140.631	97
140.683	96
140.735	95
140.785	96
140.835	97
140.896	98
140.96	99
141.016	100
141.071	99
141.167	98
141.231	99
141.279	100
141.329	99
141.382	100
141.434	101
141.512	100
141.567	101
141.628	100
141.676	101
141.742	100
141.797	101
141.862	100
141.923	99
141.983	100
142.04	99
142.1	98
142.167	97
142.216	96
142.282	97
142.342	96
142.413	97
142.472	98
142.532	97
142.583	98
142.635	99
142.689	98
142.753	97
142.81	98
142.86	99
142.915	98
142.977	99
143.03	98
143.102	99
143.155	98
143.229	97
143.296	96
143.359	97
143.411	98
143.463	97
143.512	96
143.573	95
143.637	96
143.691	97
143.756	98
143.804	97
143.855	96
143.908	95
143.963	94
144.019	93
144.078	94
144.151	95
144.212	94
144.263	93
144.319	92
144.371	91
144.453	92
144.503	93
144.555	94
144.636	95
144.687	94
144.743	95
144.809	94
144.888	93
144.957	94
145.006	95
145.06	94
145.14	95
145.19	94
145.24	95
145.349	94
145.401	93
145.451	92
145.509	91
145.56	92
145.616	93
145.668	92
145.726	91
145.781	90
145.854	89
145.905	88
145.991	87
146.044	88
146.096	87
146.162	86
146.228	85
146.297	86
146.361	87
146.415	88
146.475	89
146.531	90
146.589	91
146.641	92
146.69	91
146.75	90
146.813	91
146.875	92
146.925	91
146.979	90
147.029	89
147.091	88
147.147	89
147.201	88
147.254	87
147.318	88
147.379	89
147.437	88
147.496	89
147.552	88
147.605	89
147.692	88
147.747	89
147.808	88
147.862	89
147.952	90
148.007	91
148.112	92
148.17	91
148.227	90
148.278	91
148.335	92
148.407	93
148.486	92
148.549	93
148.606	92
148.657	93
148.708	94
148.776	95
148.838	96
148.888	95
148.944	96
149	95
149.06	94
149.114	93
149.163	92
149.22	91
149.272	92
149.324	93
149.384	92
149.445	93
149.509	92
149.56	91
149.612	90
149.665	89
149.718	88
149.79	89
149.846	88
149.899	89
149.959	88
150.046	89
150.099	88
150.153	87
150.219	88
150.288	89
150.346	88
150.4	87
150.481	88
150.533	89
150.591	90
150.655	89
150.709	90
150.767	89
150.818	88
150.872	89
150.928	90
150.989	89
151.045	90
151.107	91
151.171	92
151.234	91
151.286	92
151.338	91
151.388	92
151.442	93
151.493	92
151.544	93
151.603	94
151.67	95
151.736	94
151.809	95
151.875	94
151.924	95
151.988	94
152.058	93
152.114	92
152.178	93
152.233	92
152.299	91
152.352	92
152.409	91
152.464	90
152.519	89
152.583	88
152.635	89
152.7	90
152.763	91
152.824	90
152.882	89
152.935	88
152.991	87
153.055	86
153.119	87
153.177	86
153.229	85
153.287	86
153.359	87
153.444	86
153.51	87
153.611	88
153.666	87
153.722	88
153.792	89
153.854	90
153.909	89
153.96	90
154.016	91
154.067	90
154.134	89
154.211	88
154.289	87
154.351	88
154.404	87
154.535	88
154.605	87
154.662	86
154.722	87
154.783	86
154.836	85
154.898	84
154.976	85
155.03	84
155.119	85
155.208	84
155.286	83
155.344	82
155.407	83
155.555	84
155.62	83
155.679	84
155.759	85
155.822	84
155.876	83
155.93	82
155.992	83
156.087	82
156.141	83
156.195	82
156.25	83
156.308	82
156.399	81
156.488	82
156.544	81
156.622	82
156.689	81
156.774	80
156.845	79
156.9	80
156.96	81
157.033	82
157.118	81
157.186	80
157.241	81
157.297	80
157.377	79
157.438	78
157.495	77
157.554	78
157.614	79
157.692	78
157.793	77
157.858	78
157.953	77
158.025	78
158.099	77
158.165	78
158.241	79
158.324	78
158.381	77
158.44	76
158.554	77
158.631	78
158.692	79
158.76	78
158.836	77
158.905	76
158.966	75
159.031	76
159.097	77
159.185	76
159.286	75
159.345	76
159.411	75
159.486	74
159.558	73
159.617	72
159.68	71
159.744	70
159.816	71
159.879	70
159.945	71
160.012	72
160.085	73
160.147	74
160.206	73
160.293	72
160.358	73
160.45	74
160.52	75
160.579	74
160.638	75
160.701	74
160.768	75
160.829	74
160.899	73
160.97	72
161.033	73
161.123	72
161.242	71
161.324	72
161.391	73
161.456	74
161.522	73
161.588	74
161.645	73
161.705	72
161.766	73
161.833	72
161.897	73
161.975	72
162.046	71
162.142	72
162.208	73
162.323	74
162.382	73
162.441	74
162.54	75
162.604	74
162.688	75
162.755	76
162.852	77
162.911	76
162.974	77
163.03	76
163.126	75
163.19	76
163.248	77
163.335	78
163.405	79
163.467	78
163.53	77
163.59	76
163.652	75
163.738	74
163.805	75
163.891	76
163.973	77
164.061	78
164.118	77
164.175	78
164.236	79
164.294	80
164.35	81
164.413	80
164.474	79
164.537	80
164.623	81
164.701	82
164.765	83
164.827	82
164.891	81
164.947	82
165.015	81
165.071	80
165.14	81
165.204	80
165.264	79
165.323	80
165.377	79
165.435	80
165.516	79
165.583	78
165.641	79
165.72	78
165.776	77
165.835	78
165.903	77
165.959	76
166.016	77
166.082	76
166.139	77
166.208	78
166.275	79
166.356	78
166.421	77
166.478	76
166.55	77
166.648	78
166.724	77
166.788	78
166.861	77
166.92	78
166.977	79
167.04	78
167.094	79
167.152	78
167.221	77
167.281	78
167.348	77
167.422	78
167.479	77
167.536	78
167.61	77
167.687	78
167.773	79
167.841	80
167.906	81
167.966	80
168.024	81
168.079	82
168.151	81
168.215	80
168.273	79
168.34	78
168.397	77
168.457	76
168.516	75
168.585	76
168.644	75
168.707	74
168.767	73
168.825	72
168.89	71
168.964	70
169.031	69
169.095	70
169.157	71
169.231	70
169.291	71
169.36	70
169.424	69
169.485	70
169.555	69
169.625	70
169.698	69
169.769	70
169.836	69
169.895	68
169.957	69
170.067	68
170.139	69
170.217	70
170.28	69
170.359	70
170.426	69
170.488	70
170.56	71
170.625	70
170.688	69
170.765	70
170.825	69
170.888	68
170.952	67
171.059	68
171.127	67
171.209	66
171.298	67
171.408	68
171.475	67
171.544	66
171.625	67
171.687	66
171.751	67
171.841	68
171.927	69
171.992	70
172.052	71
172.111	72
172.173	73
172.24	72
172.305	73
172.366	74
172.425	73
172.491	72
172.57	73
172.643	74
172.707	73
172.766	72
172.825	73
172.895	74
172.955	73
173.018	72
173.079	73
173.153	72
173.222	73
173.283	72
173.369	73
173.429	72
173.499	71
173.564	72
173.635	71
173.697	70
173.799	71
173.859	70
173.925	69
173.991	70
174.05	71
174.109	72
174.211	73
174.288	72
174.348	73
174.415	72
174.495	71
174.561	72
174.645	73
174.711	72
174.78	71
174.845	72
174.918	71
174.992	72
175.051	71
175.142	72
175.22	73
175.283	72
175.35	73
175.422	74
175.489	73
175.552	72
175.632	73
175.697	72
175.76	73
175.851	74
175.911	73
176.035	74
176.118	73
176.175	74
176.237	73
176.305	74
176.364	73
176.451	72
176.524	71
176.589	72
176.657	73
176.721	74
176.786	73
176.855	72
176.915	73
176.973	72
177.042	73
177.102	74
177.165	73
177.24	74
177.301	75
177.389	76
177.468	77
177.531	78
177.587	79
177.662	78
177.719	79
177.779	80
177.834	81
177.892	80
177.948	79
178.005	80
178.063	81
178.117	80
178.195	81
178.251	80
178.342	81
178.403	80
178.46	79
178.528	78
178.6	79
178.672	78
178.74	79
178.797	80
178.854	79
178.909	78
178.967	79
179.03	80
179.11	81
179.177	80
179.231	79
179.299	78
179.371	77
179.455	78
179.528	79
179.598	80
179.678	81
179.733	82
179.801	81
179.871	82
179.924	81
179.985	80
180.049	79
180.108	78
180.167	77
180.227	76
180.285	77
180.343	76
180.4	75
180.487	74
180.544	73
180.605	74
180.672	73
180.762	72
180.825	71
180.889	70
180.956	71
181.051	72
181.112	73
181.181	74
181.246	75
181.341	76
181.407	77
181.473	76
181.534	75
181.604	74
181.665	73
181.733	74
181.796	73
181.867	72
181.928	71
182.029	70
182.096	71
182.178	72
182.243	71
182.307	70
182.38	71
182.445	70
182.508	71
182.572	72
182.638	71
182.701	72
182.761	71
182.823	70
182.888	71
182.959	70
183.031	71
183.12	70
183.185	69
183.27	68
183.336	69
183.411	68
183.479	69
183.577	70
183.644	69
183.726	70
183.789	71
183.857	70
183.928	71
184.001	72
184.066	71
184.135	70
184.195	69
184.269	70
184.33	69
184.403	68
184.48	69
184.591	70
184.694	69
184.78	70
184.844	69
184.943	70
185.013	69
185.089	68
185.158	67
185.222	66
185.287	67
185.369	68
185.457	69
185.55	68
185.627	69
185.715	70
185.781	71
185.843	70
185.934	69
185.998	68
186.059	69
186.245	68
186.353	69
186.425	68
186.516	69
186.586	68
186.664	69
186.728	68
186.816	67
186.887	68
186.954	67
187.058	66
187.123	65
187.192	66
187.254	67
187.319	68
187.398	69
187.459	70
187.521	69
187.587	68
187.654	69
187.716	68
187.78	69
187.842	70
187.911	69
187.974	68
188.042	69
188.104	68
188.204	69
188.296	68
188.357	67
188.421	66
188.484	65
188.58	66
188.671	67
188.738	66
188.813	67
188.877	66
188.947	65
189.089	64
189.16	65
189.225	64
189.3	65
189.38	64
189.476	65
189.543	64
189.66	63
189.743	64
189.835	65
189.906	64
189.98	63
190.053	62
190.129	61
190.208	62
190.274	63
190.366	62
190.436	61
190.507	60
190.575	61
190.644	60
190.724	59
190.812	60
190.889	59
190.957	60
191.023	59
191.122	60
191.207	61
191.301	62
191.384	61
191.468	62
191.533	61
191.633	60
191.713	61
191.829	60
191.901	59
192.016	60
192.1	59
192.179	60
192.268	59
192.387	58
192.46	59
192.528	60
192.597	59
192.671	60
192.758	59
192.838	60
192.912	61
192.987	60
193.071	61
193.138	62
193.204	61
193.274	60
193.357	59
193.444	60
193.516	61
193.582	60
193.704	61
193.779	62
193.848	61
193.923	62
193.991	63
194.082	64
194.155	63
194.22	62
194.304	63
194.368	62
194.439	61
194.519	62
194.6	63
194.666	62
194.741	63
194.84	64
194.92	63
195.038	62
195.107	61
195.246	62
195.317	61
195.41	60
195.486	61
195.602	62
195.714	63
195.782	64
195.862	63
195.954	64
196.02	65
196.107	64
196.174	65
196.238	64
196.307	63
196.378	64
196.446	65
196.548	66
196.635	67
196.715	66
196.777	65
196.852	64
196.927	63
197.003	62
197.083	63
197.149	62
197.219	63
197.291	62
197.355	61
197.446	60
197.524	59
197.593	60
197.67	59
197.756	58
197.821	59
197.891	60
197.96	59
198.047	58
198.141	57
198.219	56
198.304	57
198.378	58
198.453	57
198.542	58
198.62	59
198.687	60
198.751	61
198.816	60
198.884	59
198.979	60
199.05	61
199.116	60
199.22	61
199.3	62
199.366	61
199.441	60
199.515	61
199.584	62
199.648	61
199.719	60
199.821	61
199.916	60
199.995	61
200.083	62
200.155	63
200.238	64
200.336	63
200.402	62
200.478	63
200.544	64
200.654	63
200.76	62
200.847	63
200.922	64
200.992	65
201.071	64
201.17	65
201.274	66
201.343	65
201.411	66
201.487	65
201.551	66
201.639	65
201.724	66
201.797	65
201.859	66
201.945	65
202.038	66
202.104	67
202.205	66
202.268	67
202.34	66
202.413	67
202.495	68
202.555	69
202.625	70
202.693	69
202.768	70
202.829	71
202.952	70
203.015	69
203.094	68
203.181	69
203.245	68
203.315	67
203.39	66
203.463	67
203.527	66
203.649	65
203.726	64
203.791	65
203.885	66
203.954	67
204.015	68
204.086	67
204.154	68
204.231	69
204.324	68
204.421	69
204.486	68
204.564	69
204.628	70
204.688	71
204.749	70
204.812	69
204.876	70
204.964	69
205.027	70
205.102	69
205.168	70
205.23	71
205.292	72
205.354	73
205.42	74
205.49	73
205.554	74
205.612	75
205.67	76
205.743	75
205.81	76
205.87	75
205.936	76
206	77
206.057	76
206.115	77
206.182	76
206.253	75
206.311	74
206.374	73
206.456	74
206.524	73
206.603	72
206.666	73
206.74	74
206.804	75
206.901	74
206.959	75
207.038	74
207.117	75
207.186	74
207.271	75
207.344	76
207.408	75
207.465	74
207.538	75
207.607	74
207.669	75
207.75	76
207.808	75
207.867	74
207.955	75
208.015	74
208.075	73
208.132	74
208.19	75
208.247	74
208.365	75
208.425	74
208.506	75
208.577	76
208.648	77
208.708	78
208.777	77
208.846	78
208.937	79
209.005	80
209.093	79
209.156	80
209.224	79
209.321	80
209.397	81
209.455	80
209.514	79
209.597	80
209.651	79
209.713	80
209.767	79
209.83	78
209.905	77
209.962	78
210.038	79
210.098	80
210.162	79
210.232	80
210.318	81
210.388	82
210.455	81
210.533	80
210.599	79
210.659	80
210.722	81
210.781	80
210.841	81
210.912	82
210.974	83
211.029	82
211.084	83
211.154	84
211.211	85
211.264	86
211.324	85
211.378	86
211.432	85
211.491	86
211.542	85
211.598	86
211.658	87
211.713	88
211.768	89
211.837	88
211.891	87
211.956	88
212.013	87
212.069	88
212.127	87
212.185	88
212.24	87
212.29	88
212.345	89
212.404	88
212.454	87
212.505	86
212.572	85
212.652	84
212.708	85
212.76	84
212.814	85
212.867	84
212.919	83
212.977	84
213.032	85
213.114	86
213.194	87
213.256	86
213.312	87
213.366	86
213.42	85
213.475	84
213.528	83
213.581	82
213.673	83
213.729	84
213.783	85
213.841	84
213.921	83
213.974	82
214.049	81
214.112	80
214.166	79
214.233	78
214.297	77
214.358	76
214.435	75
214.549	76
214.619	75
214.714	76
214.77	77
214.863	76
214.921	77
214.977	76
215.033	77
215.09	78
215.149	79
215.213	80
215.284	81
215.349	82
215.403	81
215.463	82
215.526	81
215.583	80
215.653	79
215.707	80
215.776	79
215.848	78
215.905	77
215.97	76
216.029	77
216.086	76
216.182	75
216.269	74
216.341	73
216.398	74
216.466	73
216.541	74
216.603	73
216.659	74
216.722	75
216.788	74
216.85	75
216.905	76
216.983	77
217.053	76
217.113	77
217.18	78
217.266	77
217.329	78
217.411	77
217.466	76
217.566	77
217.649	76
217.707	75
217.768	76
217.824	77
217.884	76
217.941	77
217.997	78
218.054	77
218.123	78
218.179	79
218.245	78
218.306	77
218.363	76
218.428	75
218.485	76
218.558	77
218.626	76
218.692	77
218.748	78
218.886	77
218.969	76
219.049	75
219.117	74
219.175	73
219.235	72
219.356	71
219.47	72
219.536	73
219.609	72
219.672	73
219.732	72
219.797	71
219.872	70
219.933	69
220.018	68
220.079	69
220.149	70
220.231	71
220.294	70
220.368	71
220.436	70
220.519	69
220.59	68
220.667	67
220.737	68
220.811	67
220.876	66
220.937	67
221.009	66
221.112	67
221.184	66
221.245	67
221.317	68
221.389	69
221.458	70
221.551	71
221.611	72
221.678	71
221.738	72
221.803	71
221.869	72
221.947	73
222.011	74
222.075	75
222.145	76
222.202	77
222.258	78
222.318	79
222.372	80
222.424	81
222.476	82
222.528	81
222.584	80
222.651	81
222.706	80
222.76	79
222.817	80
222.875	81
222.933	82
222.992	83
223.047	82
223.133	81
223.187	80
223.241	79
223.295	80
223.357	81
223.439	80
223.493	81
223.555	82
223.611	83
223.671	82
223.725	81
223.779	80
223.84	81
223.895	80
223.956	79
224.023	80
224.078	81
224.144	82
224.22	83
224.285	82
224.338	81
224.44	80
224.523	79
224.577	78
224.631	77
224.699	78
224.766	77
224.828	78
224.891	79
224.974	80
225.027	79
225.099	78
225.154	77
225.209	78
225.286	79
225.341	78
225.397	77
225.452	78
225.546	77
225.602	78
225.657	79
225.716	80
225.777	81
225.873	80
225.934	79
226.01	78
226.086	79
226.15	78
226.21	79
226.263	78
226.33	77
226.386	76
226.444	75
226.502	74
226.597	73
226.658	74
226.73	75
226.788	74
226.859	75
226.941	74
226.999	73
227.098	72
227.159	73
227.231	74
227.291	73
227.361	72
227.426	73
227.482	74
227.542	73
227.607	74
227.668	73
227.735	74
227.808	75
227.886	76
227.954	75
228.018	74
228.082	75
228.154	76
228.224	75
228.282	74
228.351	75
228.416	76
228.473	75
228.534	76
228.603	75
228.67	74
228.732	75
228.792	76
228.86	77
228.928	78
229.001	79
229.07	78
229.138	77
229.219	78
229.297	79
229.355	78
229.411	79
229.468	78
229.534	79
229.608	78
229.693	79
229.749	80
229.889	79
229.973	78
230.041	79
230.116	80
230.179	81
230.243	80
230.315	81
230.369	80
230.433	79
230.511	78
230.574	77
230.704	78
230.778	79
230.846	80
230.907	81
230.961	80
231.075	81
231.129	82
231.186	81
231.244	82
231.319	81
231.381	80
231.445	81
231.525	82
231.578	83
231.638	84
231.704	83
231.766	82
231.825	83
231.904	82
231.961	83
232.031	82
232.088	83
232.146	84
232.217	83
232.286	82
232.341	83
232.413	84
232.469	83
232.534	84
232.607	83
232.671	84
232.752	83
232.807	84
232.862	85
232.935	86
232.998	87
233.06	88
233.117	89
233.184	88
233.238	89
233.293	90
233.359	91
233.411	92
233.478	93
233.54	94
233.607	93
233.682	92
233.74	91
233.806	92
233.859	91
233.929	90
233.986	91
234.04	92
234.09	93
234.143	94
234.196	95
234.244	96
234.293	97
234.351	96
234.416	97
234.464	98
234.515	97
234.572	98
234.62	97
234.687	96
234.763	95
234.848	96
234.921	95
234.972	96
235.022	97
235.074	96
235.171	95
235.235	96
235.29	95
235.366	94
235.421	93
235.479	92
235.534	91
235.607	90
235.658	91
235.712	90
235.763	89
235.831	90
235.9	89
235.951	88
236.003	89
236.056	90
236.123	89
236.184	90
236.236	91
236.286	92
236.341	93
236.425	94
236.476	95
236.529	94
236.632	95
236.704	94
236.755	93
236.82	94
236.883	95
236.941	96
237	97
237.05	96
237.115	95
237.168	94
237.228	95
237.286	94
237.374	93
237.445	94
237.495	95
237.547	94
237.61	95
237.666	94
237.716	93
237.778	94
237.83	93
237.886	92
237.961	91
238.015	92
238.069	91
238.142	92
238.195	91
238.274	92
238.326	91
238.398	90
238.454	91
238.507	90
238.582	91
238.636	92
238.706	93
238.761	94
238.814	95
238.866	96
238.917	95
238.976	96
239.036	95
239.088	96
239.146	95
239.2	94
239.257	93
239.308	92
239.368	93
239.429	94
239.481	93
239.535	94
239.587	93
239.639	94
239.715	93
239.768	94
239.819	95
239.876	94
239.941	93
239.998	94
240.06	93
240.131	94
240.181	95
240.237	96
240.294	97
240.351	98
240.4	97
240.458	96
240.51	95
240.566	94
240.615	93
240.666	94
240.725	93
240.775	92
240.825	93
240.875	92
240.937	91
241.006	90
241.069	91
241.147	92
241.203	91
241.264	90
241.32	89
241.372	90
241.424	91
241.476	92
241.557	91
241.623	92
241.681	91
241.74	90
241.795	91
241.862	90
241.925	89
241.984	88
242.041	87
242.094	86
242.149	87
242.215	86
242.268	85
242.33	86
242.384	85
242.46	84
242.526	85
242.603	86
242.682	85
242.736	84
242.793	85
242.86	86
242.92	87
242.993	86
243.061	85
243.129	84
243.182	85
243.243	86
243.306	87
243.379	86
243.433	87
243.497	88
243.549	87
243.609	86
243.668	87
243.722	88
243.785	87
243.849	88
243.905	89
243.987	90
244.068	91
244.148	92
244.213	91
244.295	92
244.349	93
244.403	92
244.456	93
244.507	94
244.597	95
244.646	94
244.707	93
244.764	94
244.825	93
244.876	94
244.936	95
244.995	94
245.053	95
245.108	96
245.186	97
245.243	98
245.293	99
245.362	100
245.414	99
245.479	98
245.535	99
245.599	100
245.652	101
245.706	102
245.754	101
245.803	100
245.851	99
245.918	98
245.986	99
246.035	100
246.087	101
246.133	100
246.214	101
246.273	102
246.322	101
246.378	100
246.427	101
246.476	102
246.522	101
246.569	102
246.615	103
246.665	104
246.719	105
246.789	104
246.834	103
246.893	102
246.948	101
246.998	100
247.07	101
247.126	100
247.189	99
247.269	98
247.341	97
247.39	98
247.437	99
247.486	98
247.554	97
247.613	98
247.691	97
247.739	98
247.839	99
247.893	100
247.944	101
247.992	102
248.041	103
248.088	104
248.153	103
248.217	104
248.271	103
248.321	102
248.38	103
248.439	104
248.488	105
248.535	104
248.581	103
248.643	102
248.731	103
248.796	102
248.851	101
248.897	100
248.945	99
249.011	100
249.067	99
249.114	100
249.173	99
249.22	98
249.27	97
249.332	98
249.378	99
249.425	100
249.507	99
249.563	98
249.634	99
249.689	100
249.738	101
249.8	102
249.853	103
249.902	104
249.952	103
250.013	104
250.061	105
250.107	104
250.151	105
250.196	106
250.255	105
250.31	104
250.377	105
250.44	106
250.505	107
250.555	108
250.602	109
250.654	110
250.697	109
250.775	110
250.821	111
250.881	110
250.925	111
250.982	112
251.03	113
251.078	114
251.126	113
251.181	114
251.223	113
251.269	112
251.333	111
251.383	110
251.427	109
251.471	110
251.539	109
251.583	108
251.63	109
251.677	110
251.721	111
251.79	110
251.857	109
251.904	108
251.949	107
251.995	108
252.041	107
252.112	108
252.162	109
252.21	110
252.262	111
252.305	112
252.36	111
252.408	110
252.453	109
252.502	108
252.564	107
252.613	106
252.658	107
252.706	108
252.753	109
252.796	110
252.848	109
252.892	110
252.938	109
252.987	108
253.052	107
253.1	106
253.147	107
253.196	108
253.244	109
253.298	110
253.344	111
253.402	112
253.459	113
253.504	114
253.548	113
253.601	112
253.645	113
253.69	112
253.741	111
253.787	110
253.844	109
253.896	110
253.954	111
253.997	112
254.056	111
254.105	110
254.155	111
254.214	112
254.257	113
254.322	112
254.393	113
254.442	114
254.496	113
254.543	114
254.595	113
254.646	112
254.715	111
254.762	112
254.807	111
254.853	112
254.905	111
254.955	110
255	109
255.044	108
255.092	107
255.136	108
255.19	109
255.236	110
255.279	111
255.329	112
255.375	113
255.424	114
255.473	115
255.516	116
255.56	115
255.627	114
255.671	113
255.721	112
255.778	113
255.823	114
255.865	115
255.911	114
255.957	113
256.013	114
256.061	115
256.108	116
256.151	115
256.196	116
256.255	115
256.303	116
256.353	115
256.4	114
256.443	113
256.496	112
256.555	111
256.599	110
256.643	109
256.699	110
256.742	109
256.798	110
256.842	111
256.884	112
256.928	113
256.972	112
257.036	113
257.084	112
257.135	113
257.199	112
257.246	113
257.289	114
257.352	113
257.399	112
257.467	111
257.515	110
257.56	111
257.614	110
257.666	111
257.718	112
257.763	111
257.81	112
257.864	113
257.917	112
257.963	113
258.008	114
258.08	113
258.135	112
258.186	111
258.23	112
258.285	111
258.332	110
258.381	109
258.441	110
258.504	111
258.547	110
258.61	109
258.658	110
258.76	111
258.812	112
258.858	111
258.911	112
258.973	113
259.044	112
259.107	113
259.153	112
259.198	113
259.265	112
259.312	113
259.374	112
259.418	111
259.467	110
259.523	111
259.582	110
259.628	111
259.672	112
259.719	111
259.764	110
259.837	111
259.909	112
259.985	111
260.044	110
260.096	111
260.143	112
260.19	113
260.256	112
260.307	111
260.354	112
260.423	111
260.471	110
260.522	111
260.568	110
260.629	111
260.676	112
260.736	113
260.782	114
260.834	113
260.885	114
260.937	115
260.982	116
261.033	117
261.078	116
261.142	115
261.185	114
261.228	113
261.276	114
261.319	113
261.367	112
261.426	111
261.473	110
261.521	111
261.575	112
261.618	113
261.667	112
261.718	113
261.764	112
261.831	113
261.894	112
261.938	111
262.006	110
262.051	111
262.1	110
262.147	109
262.227	110
262.298	109
262.358	108
262.407	109
262.459	110
262.506	111
262.557	112
262.613	113
262.662	114
262.714	113
262.78	112
262.83	113
262.877	112
262.954	113
262.999	112
263.049	111
263.103	112
263.148	111
263.209	110
263.259	111
263.303	112
263.358	111
263.404	112
263.447	111
263.493	112
263.544	113
263.587	114
263.665	115
263.711	116
263.759	117
263.807	116
263.856	117
263.9	116
263.948	115
264.013	114
264.082	113
264.132	112
264.176	113
264.223	114
264.266	113
264.318	114
264.363	113
264.413	114
264.469	115
264.521	116
264.565	115
264.627	114
264.671	115
264.723	116
264.778	115
264.829	114
264.872	115
264.916	114
264.965	113
265.008	114
265.052	113
265.105	112
265.149	111
265.212	112
265.264	113
265.316	112
265.388	113
265.443	112
265.495	111
265.539	112
265.587	111
265.658	112
265.701	111
265.744	112
265.789	113
265.842	112
265.891	113
265.935	112
265.98	113
266.035	112
266.08	111
266.154	110
266.212	109
266.259	110
266.31	111
266.361	112
266.419	113
266.479	112
266.552	113
266.598	114
266.641	115
266.699	114
266.769	113
266.817	114
266.862	113
266.91	112
266.964	113
267.013	114
267.062	113
267.119	112
267.174	111
267.226	112
267.293	113
267.346	112
267.416	111
267.49	110
267.541	111
267.601	112
267.655	113
267.702	114
267.75	115
267.792	114
267.835	113
267.884	114
267.933	115
267.982	114
268.024	115
268.068	114
268.113	113
268.157	114
268.208	115
268.258	114
268.313	115
268.357	114
268.42	113
268.467	114
268.512	115
268.565	114
268.611	113
268.666	112
268.714	113
268.757	114
268.803	115
268.849	116
268.9	117
268.971	116
269.017	115
269.066	116
269.11	117
269.152	118
269.193	117
269.238	116
269.287	117
269.332	116
269.382	117
269.428	118
269.474	119
269.523	118
269.567	119
269.616	120
269.662	121
269.727	122
269.775	121
269.824	122
269.867	123
269.933	122
269.989	121
270.034	120
270.088	119
270.133	120
270.198	121
270.24	120
270.289	121
270.334	122
270.38	121
270.435	122
270.549	121
270.602	122
270.653	123
270.718	122
270.757	123
270.8	122
270.856	121
270.918	122
270.96	121
271.002	120
271.046	119
271.088	120
271.143	119
271.207	120
271.254	119
271.296	120
271.339	121
271.402	120
271.46	119
271.513	120
271.579	121
271.62	122
271.665	121
271.71	122
271.762	123
271.802	124
271.846	125
271.899	124
271.94	123
271.982	124
272.024	123
272.072	122
272.127	121
272.196	122
272.265	121
272.313	120
272.366	121
272.428	120
272.47	121
272.528	120
272.57	119
272.616	118
272.677	117
272.735	116
272.791	115
272.834	116
272.88	115
272.922	116
272.965	117
273.008	116
273.064	117
273.116	118
273.158	119
273.203	118
273.266	119
273.316	118
273.372	117
273.416	116
273.481	115
273.529	116
273.585	115
273.659	116
273.709	115
273.758	116
273.8	115
273.866	114
273.909	113
273.956	112
274.013	113
274.056	114
274.102	115
274.146	114
274.197	113
274.24	114
274.304	115
274.362	114
274.421	113
274.476	114
274.529	113
274.572	112
274.633	111
274.69	110
274.747	109
274.81	110
274.854	109
274.9	108
274.952	107
275.005	108
275.049	107
275.098	108
275.184	107
275.249	106
275.3	105
275.344	106
275.393	107
275.44	108
275.504	107
275.549	108
275.605	109
275.651	110
275.704	109
275.76	108
275.815	109
275.86	108
275.912	107
275.957	108
276.003	107
276.05	106
276.094	105
276.139	106
276.215	107
276.262	106
276.309	107
276.361	106
276.42	107
276.463	106
276.51	107
276.554	106
276.605	105
276.66	106
276.707	107
276.769	108
276.815	109
276.872	108
276.925	109
276.973	110
277.016	111
277.065	112
277.111	113
277.157	114
277.227	113
277.27	112
277.32	113
277.362	112
277.412	111
277.46	112
277.503	111
277.551	110
277.62	109
277.669	110
277.714	111
277.806	112
277.87	111
277.929	112
277.983	111
278.031	112
278.09	111
278.14	110
278.211	111
278.256	110
278.306	111
278.355	110
278.401	109
278.447	108
278.496	107
278.582	108
278.642	109
278.69	110
278.747	111
278.791	110
278.837	109
278.886	108
278.938	109
278.987	108
279.064	107
279.118	108
279.167	109
279.232	108
279.3	109
279.347	110
279.396	111
279.47	112
279.516	113
279.561	112
279.614	113
279.659	112
279.708	111
279.752	112
279.797	111
279.845	110
279.906	111
279.967	110
280.015	111
280.061	110
280.13	111
280.176	110
280.223	109
280.297	108
280.343	107
280.41	106
280.459	107
280.509	106
280.554	105
280.62	104
280.669	103
280.716	104
280.77	105
280.816	106
280.862	105
280.908	104
280.955	103
281	104
281.056	103
281.105	104
281.155	103
281.209	104
281.267	105
281.325	104
281.372	105
281.42	106
281.47	107
281.516	106
281.561	105
281.611	104
281.657	105
281.723	104
281.793	105
281.842	106
281.888	107
281.976	108
282.026	109
282.075	108
282.143	107
282.201	106
282.247	107
282.3	106
282.347	107
282.417	108
282.475	107
282.53	106
282.588	107
282.632	108
282.685	107
282.744	108
282.789	107
282.844	106
282.893	107
282.938	108
282.982	109
283.03	108
283.101	107
283.153	108
283.229	107
283.275	106
283.324	107
283.375	108
283.425	109
283.469	110
283.518	111
283.565	112
283.609	111
283.661	110
283.715	109
283.759	108
283.808	109
283.853	108
283.908	109
283.952	110
284.009	109
284.053	110
284.108	109
284.19	108
284.235	107
284.282	106
284.335	105
284.383	106
284.442	105
284.489	106
284.534	107
284.578	106
284.623	105
284.675	104
284.724	105
284.773	106
284.829	107
284.884	108
284.934	109
284.98	108
285.031	107
285.078	106
285.152	107
285.218	106
285.297	105
285.349	104
285.422	105
285.469	106
285.52	107
285.572	108
285.62	109
285.665	110
285.722	111
285.783	112
285.84	111
285.886	112
285.946	113
285.99	112
286.046	111
286.091	112
286.146	113
286.214	114
286.257	113
286.309	112
286.361	113
286.408	112
286.453	111
286.499	112
286.546	111
286.59	110
286.638	111
286.68	110
286.755	109
286.802	110
286.852	111
286.895	110
286.941	111
286.983	112
287.028	111
287.092	112
287.137	111
287.183	112
287.228	113
287.283	112
287.344	111
287.397	110
287.443	111
287.489	110
287.534	109
287.578	108
287.621	109
287.674	108
287.724	107
287.78	106
287.83	107
287.878	108
287.929	107
287.973	108
288.043	107
288.092	108
288.14	107
288.197	108
288.241	109
288.289	108
288.345	109
288.408	108
288.454	109
288.499	108
288.542	109
288.592	110
288.645	111
288.687	112
288.734	113
288.777	112
288.828	113
288.876	112
288.92	111
288.965	112
289.026	111
289.076	110
289.127	109
289.177	108
289.238	107
289.293	108
289.34	109
289.387	108
289.443	109
289.49	108
289.564	107
289.611	106
289.667	105
289.732	106
289.783	107
289.853	108
289.903	109
289.948	108
289.993	107
290.038	106
290.083	107
290.147	108
290.225	109
290.279	108
290.355	109
290.402	108
290.462	109
290.53	108
290.577	109
290.624	110
290.687	109
290.732	108
290.791	109
290.846	108
290.896	109
290.961	108
291.029	109
291.074	108
291.122	109
291.19	108
291.238	107
291.293	108
291.337	109
291.396	108
291.445	109
291.509	108
291.559	107
291.615	106
291.67	105
291.716	106
291.764	105
291.818	106
291.867	105
291.924	104
291.989	103
292.039	102
292.092	101
292.159	100
292.229	99
292.281	100
292.339	99
292.392	98
292.439	97
292.496	96
292.559	97
292.639	98
292.691	99
292.754	100
292.807	101
292.87	102
292.944	103
292.989	102
293.037	103
293.087	104
293.146	103
293.226	104
293.287	103
293.341	104
293.398	103
293.475	102
293.532	103
293.591	102
293.643	101
293.716	100
293.765	99
293.821	98
293.873	97
293.944	96
293.997	97
294.047	98
294.095	97
294.169	98
294.225	97
294.284	96
294.331	95
294.393	94
294.447	95
294.502	96
294.575	97
294.637	96
294.69	95
294.743	96
294.791	95
294.842	96
294.891	97
294.94	96
294.989	95
295.044	94
295.11	95
295.186	96
295.235	95
295.295	96
295.345	97
295.431	96
295.488	97
295.551	96
295.604	95
295.659	96
295.713	95
295.785	94
295.836	93
295.886	94
295.943	93
295.998	92
296.054	91
296.12	92
296.173	93
296.245	92
296.307	91
296.358	92
296.413	93
296.466	94
296.517	93
296.575	92
296.656	91
296.742	92
296.794	93
296.869	92
296.931	93
297.006	94
297.059	95
297.115	94
297.18	95
297.235	94
297.284	93
297.344	94
297.396	93
297.456	92
297.508	93
297.562	92
297.635	93
297.69	94
297.754	93
297.83	94
297.89	93
297.944	92
297.998	91
298.069	92
298.125	91
298.175	92
298.252	91
298.325	92
298.397	91
298.471	92
298.521	91
298.573	90
298.628	91
298.697	90
298.768	89
298.829	90
298.914	89
298.969	90
299.023	89
299.083	88
299.147	89
299.203	88
299.273	89
299.333	90
299.389	89
299.445	90
299.51	91
299.576	90
299.631	89
299.7	90
299.759	91
299.833	92
299.887	93
299.94	94
299.99	95
300.048	96
300.096	97
300.146	98
300.214	97
300.267	96
300.323	95
300.438	96
300.51	95
300.558	96
300.612	97
300.669	98
300.72	97
300.775	96
300.825	95
300.892	96
300.941	95
300.993	96
301.049	97
301.1	96
301.15	95
301.214	94
301.278	95
301.34	96
301.4	97
301.478	98
301.536	97
301.59	98
301.648	99
301.697	98
301.748	99
301.813	98
301.862	97
301.911	96
301.966	97
302.027	98
302.091	97
302.142	96
302.216	95
302.269	94
302.332	95
302.397	94
302.455	93
302.513	94
302.57	93
302.631	92
302.711	93
302.767	94
302.821	95
302.884	96
302.967	97
303.023	98
303.08	97
303.139	98
303.194	99
303.244	98
303.301	99
303.359	100
303.407	101
303.461	100
303.526	101
303.579	102
303.629	101
303.687	100
303.74	101
303.789	100
303.844	99
303.898	100
303.946	101
304.029	102
304.09	103
304.141	102
304.201	103
304.251	104
304.304	103
304.352	102
304.4	101
304.454	102
304.509	103
304.56	104
304.63	105
304.688	106
304.738	105
304.791	106
304.841	107
304.891	106
304.945	107
304.996	106
305.052	107
305.101	106
305.148	107
305.197	106
305.25	105
305.297	106
305.366	107
305.413	106
305.459	105
305.512	106
305.565	107
305.612	108
305.668	107
305.726	108
305.787	109
305.835	108
305.9	109
305.946	108
305.993	107
306.041	106
306.103	105
306.151	104
306.213	105
306.276	104
306.343	103
306.394	102
306.453	101
306.501	102
306.55	101
306.613	100
306.663	99
306.727	100
306.775	99
306.826	100
306.916	99
306.965	100
307.02	99
307.069	100
307.122	101
307.179	100
307.226	99
307.282	98
307.337	97
307.411	96
307.515	97
307.578	96
307.638	95
307.701	94
307.757	95
307.822	96
307.885	95
307.935	96
308	95
308.048	94
308.1	95
308.162	96
308.215	97
308.263	98
308.333	99
308.401	98
308.449	99
308.497	100
308.546	101
308.61	102
308.663	101
308.711	102
308.778	101
308.843	102
308.893	103
308.94	104
308.989	103
309.043	104
309.096	105
309.142	104
309.193	103
309.24	102
309.286	101
309.337	102
309.393	103
309.448	102
309.494	103
309.543	102
309.608	101
309.663	100
309.727	99
309.774	100
309.823	101
309.885	102
309.948	103
309.994	102
310.043	101
310.096	100
310.155	99
310.202	100
310.257	101
310.332	100
310.383	99
310.43	100
310.483	101
310.537	100
310.59	99
310.674	98
310.721	99
310.772	98
310.832	97
310.892	96
310.943	97
310.993	98
311.047	99
311.108	98
311.165	99
311.221	100
311.268	101
311.337	100
311.398	101
311.472	102
311.532	103
311.586	104
311.632	105
311.679	106
311.725	105
311.777	106
311.829	107
311.891	108
311.954	109
312.033	110
312.077	109
312.129	108
312.178	109
312.231	110
312.288	109
312.337	108
312.38	107
312.432	106
312.482	107
312.528	106
312.579	105
312.644	106
312.709	105
312.755	106
312.84	107
312.889	106
312.95	105
312.997	106
313.043	105
313.089	104
313.14	105
313.185	104
313.282	105
313.334	104
313.383	103
313.434	104
313.515	105
313.573	106
313.643	107
313.689	106
313.735	105
313.781	104
313.863	105
313.914	104
313.968	103
314.013	102
314.08	101
314.129	100
314.182	99
314.23	98
314.281	99
314.329	100
314.396	99
314.45	100
314.497	99
314.55	100
314.599	101
314.646	100
314.695	99
314.744	98
314.791	97
314.866	98
314.913	97
314.967	98
315.026	99
315.073	100
315.12	101
315.167	102
315.216	103
315.265	102
315.315	103
315.366	104
315.415	103
315.471	104
315.522	103
315.582	102
315.633	101
315.681	102
315.737	101
315.79	102
315.841	101
315.901	102
315.947	103
315.998	104
316.066	105
316.127	104
316.174	105
316.221	106
316.278	105
316.327	106
316.373	105
316.422	106
316.473	105
316.543	104
316.589	105
316.635	106
316.685	107
316.731	106
316.778	105
316.834	106
316.901	107
316.951	106
317.002	107
317.055	106
317.106	107
317.154	108
317.204	107
317.261	108
317.307	107
317.358	106
317.405	107
317.472	106
317.527	105
317.584	104
317.637	103
317.69	102
317.757	103
317.81	104
317.862	105
317.921	104
317.975	105
318.028	106
318.076	105
318.129	104
318.176	105
318.227	104
318.3	105
318.355	106
318.409	105
318.461	104
318.508	105
318.561	106
318.614	105
318.665	106
318.713	105
318.763	106
318.838	105
318.887	104
318.953	103
319.002	102
319.05	101
319.105	102
319.157	103
319.233	102
319.28	103
319.342	102
319.4	101
319.501	102
319.553	103
319.603	102
319.653	103
319.709	104
319.757	103
319.85	102
319.901	103
319.95	102
320.004	101
320.059	102
320.118	101
320.181	102
320.25	103
320.312	102
320.36	103
320.412	104
320.459	105
320.513	106
320.582	105
320.647	104
320.702	103
320.756	102
320.807	103
320.854	102
320.92	103
320.971	102
321.028	101
321.082	102
321.133	101
321.181	102
321.231	101
321.283	102
321.336	101
321.393	100
321.463	99
321.517	98
321.575	97
321.64	96
321.69	95
321.746	94
321.814	93
321.869	92
321.92	91
321.984	90
322.07	91
322.137	90
322.21	91
322.273	92
322.376	91
322.448	90
322.514	89
322.57	88
322.626	87
322.698	86
322.763	85
322.827	84
322.942	83
323.018	84
323.082	85
323.136	84
323.212	83
323.287	84
323.349	85
323.432	86
323.491	87
323.545	88
323.63	87
323.685	86
323.741	85
323.805	84
323.866	83
323.935	84
324.007	83
324.068	84
324.126	83
324.2	82
324.263	83
324.323	82
324.384	81
324.448	82
324.513	83
324.576	82
324.671	83
324.763	84
324.822	85
324.894	84
324.958	83
325.033	84
325.09	83
325.145	82
325.221	81
325.283	82
325.37	83
325.455	82
325.51	81
325.568	82
325.642	83
325.703	82
325.761	81
325.825	82
325.888	81
325.947	80
326.009	79
326.071	80
326.129	79
326.218	78
326.275	79
326.332	80
326.393	81
326.45	80
326.507	79
326.571	80
326.63	81
326.689	80
326.753	81
326.827	80
326.882	81
326.971	80
327.037	79
327.095	78
327.174	77
327.234	76
327.319	77
327.381	78
327.442	77
327.511	78
327.617	77
327.685	76
327.757	75
327.841	76
327.9	75
327.964	74
328.028	73
328.108	72
328.176	73
328.246	74
328.327	73
328.404	74
328.469	75
328.541	76
328.61	77
328.69	76
328.757	75
328.824	74
328.885	73
328.989	74
329.054	75
329.123	74
329.193	75
329.292	74
329.361	75
329.426	74
329.503	73
329.574	72
329.638	73
329.705	72
329.767	71
329.83	70
329.921	71
330	70
330.078	69
330.153	70
330.216	71
330.291	70
330.354	71
330.439	70
330.508	71
330.586	70
330.648	71
330.725	72
330.831	73
330.915	72
330.982	71
331.059	72
331.122	73
331.215	72
331.304	73
331.379	72
331.447	73
331.541	72
331.602	73
331.688	72
331.749	71
331.815	72
331.879	73
331.965	72
332.035	71
332.134	70
332.206	69
332.3	68
332.367	69
332.432	68
332.501	69
332.588	68
332.669	69
332.733	68
332.843	69
332.92	68
332.983	67
333.048	68
333.113	69
333.179	70
333.246	69
333.309	68
333.445	69
333.507	70
333.577	71
333.647	72
333.71	73
333.773	72
333.838	73
333.901	74
333.973	73
334.034	74
334.103	73
334.166	74
334.268	75
334.327	74
334.394	73
334.466	74
334.528	73
334.611	74
334.696	75
334.78	74
334.842	73
334.902	74
334.962	75
335.042	76
335.106	75
335.185	76
335.247	77
335.304	76
335.369	75
335.433	76
335.505	77
335.565	78
335.623	77
335.683	78
335.763	79
335.823	78
335.886	79
336.008	80
336.063	79
336.124	78
336.194	79
336.269	80
336.33	81
336.386	80
336.465	79
336.533	78
336.591	77
336.664	76
336.73	77
336.791	76
336.851	77
336.917	78
336.984	79
337.046	78
337.102	77
337.166	76
337.225	77
337.302	78
337.361	79
337.424	80
337.485	79
337.545	78
337.643	77
337.7	78
337.756	79
337.815	78
337.902	77
337.997	76
338.077	77
338.142	76
338.225	75
338.316	76
338.379	77
338.47	78
338.532	79
338.594	78
338.663	77
338.759	78
338.821	77
338.88	76
338.957	75
339.034	76
339.131	77
339.196	76
339.264	77
339.333	76
339.427	75
339.49	76
339.568	75
339.625	76
339.686	75
339.761	74
339.819	75
339.898	76
339.962	75
340.027	74
340.086	75
340.168	74
340.233	75
340.312	76
340.37	77
340.434	76
340.492	75
340.555	74
340.621	73
340.701	72
340.788	71
340.859	70
340.946	69
341.015	70
341.086	71
341.148	72
341.215	73
341.292	72
341.357	71
341.421	70
341.49	69
341.556	70
341.626	69
341.703	68
341.767	69
341.849	70
341.919	71
342.019	72
342.079	73
342.179	72
342.238	73
342.3	72
342.378	73
342.446	74
342.505	75
342.573	74
342.639	75
342.699	74
342.778	75
342.864	76
342.938	77
343.015	78
343.074	79
343.137	78
343.198	79
343.273	78
343.38	77
343.437	76
343.515	75
343.607	76
343.686	75
343.745	74
343.803	73
343.87	74
343.935	75
343.993	76
344.066	75
344.139	74
344.196	75
344.257	76
344.315	77
344.382	76
344.44	77
344.5	78
344.558	79
344.615	80
344.678	79
344.737	80
344.807	79
344.861	78
344.922	79
344.988	80
345.044	81
345.115	80
345.173	79
345.239	78
345.315	77
345.374	76
345.43	77
345.492	76
345.549	75
345.613	74
345.67	73
345.746	72
345.809	73
345.873	74
345.953	73
346.01	74
346.099	73
346.178	72
346.241	73
346.305	72
346.375	73
346.434	72
346.52	71
346.595	72
346.662	71
346.725	70
346.788	69
346.848	70
346.917	71
346.99	72
347.055	73
347.122	72
347.207	73
347.267	72
347.332	71
347.395	72
347.457	71
347.528	72
347.61	73
347.702	74
347.76	73
347.825	72
347.889	71
347.955	72
348.017	73
348.101	74
348.164	73
348.226	72
348.306	73
348.384	72
348.446	73
348.508	74
348.574	73
348.669	74
348.728	75
348.802	76
348.868	77
348.926	78
349.013	79
349.077	78
349.145	77
349.202	78
349.263	79
349.332	78
349.416	77
349.485	76
349.545	75
349.63	74
349.692	73
349.783	74
349.862	73
349.945	72
350.007	73
350.082	72
350.157	71
350.229	72
350.296	71
350.361	70
350.43	69
350.493	68
350.581	69
350.642	70
350.709	69
350.784	68
350.866	67
350.933	66
351.011	65
351.092	66
351.156	67
351.245	68
351.309	69
351.371	70
351.444	71
351.516	72
351.574	73
351.633	72
351.694	73
351.778	74
351.842	73
351.904	74
352.001	73
352.114	72
352.178	73
352.238	74
352.324	75
352.382	74
352.447	73
352.511	72
352.578	71
352.641	70
352.704	71
352.772	70
352.835	69
352.912	68
353.011	69
353.079	70
353.139	69
353.212	68
353.279	69
353.352	70
353.415	69
353.477	68
353.542	69
353.609	70
353.674	71
353.735	72
353.803	73
353.863	74
353.928	73
354	74
354.091	73
354.161	74
354.229	75
354.312	74
354.377	73
354.481	74
354.581	73
354.675	72
354.735	71
354.807	72
354.881	71
354.956	70
355.024	71
355.103	72
355.212	73
355.314	72
355.394	71
355.461	70
355.523	69
355.591	68
355.654	69
355.716	70
355.783	71
355.852	72
355.922	73
355.991	74
356.053	73
356.117	72
356.179	73
356.241	74
356.299	75
356.365	76
356.446	77
356.523	76
356.624	75
356.708	74
356.774	75
356.854	74
356.918	75
356.978	74
357.038	73
357.102	74
357.171	75
357.255	74
357.314	73
357.376	72
357.459	71
357.518	70
357.579	69
357.646	70
357.707	71
357.778	70
357.841	69
357.928	68
357.989	69
358.052	68
358.115	67
358.193	66
358.269	67
358.337	68
358.426	67
358.492	66
358.569	67
358.635	66
358.775	65
358.85	66
358.913	67
358.977	68
359.042	67
359.116	68
359.189	69
359.275	70
359.34	69
359.403	70
359.482	71
359.56	72
359.625	71
359.692	72
359.764	73
359.846	72
359.926	73
360	72
360.062	73
360.123	74
360.192	73
360.271	74
360.339	73
360.404	74
360.469	75
360.555	76
360.617	75
360.705	76
360.766	77
360.824	76
360.898	77
360.956	76
361.021	77
361.098	76
361.165	77
361.237	78
361.314	79
361.376	80
361.437	79
361.505	78
361.564	77
361.631	76
361.705	75
361.771	76
361.837	77
361.91	76
361.975	77
362.033	78
362.1	77
362.168	76
362.258	75
362.327	74
362.385	73
362.444	72
362.514	73
362.592	72
362.67	73
362.752	72
362.843	73
362.902	74
362.967	75
363.029	76
363.131	75
363.194	76
363.262	77
363.335	78
363.393	77
363.466	78
363.525	79
363.585	78
363.68	79
363.737	78
363.81	79
363.897	78
363.96	77
364.019	76
364.082	77
364.162	78
364.219	77
364.283	76
364.399	75
364.462	76
364.526	77
364.584	76
364.679	77
364.752	76
364.822	77
364.891	78
364.978	77
365.037	78
365.142	79
365.219	80
365.297	79
365.357	80
365.457	79
365.526	80
365.592	79
365.649	80
365.72	79
365.807	80
365.865	81
365.938	80
366.004	79
366.064	80
366.134	79
366.2	80
366.258	79
366.319	78
366.404	79
366.462	78
366.524	79
366.58	80
366.636	81
366.69	82
366.748	83
366.831	82
366.906	81
366.968	82
367.089	81
367.16	82
367.218	83
367.284	82
367.351	83
367.424	84
367.488	83
367.541	84
367.597	83
367.659	84
367.722	83
367.78	82
367.834	83
367.886	84
367.941	85
367.998	84
368.085	83
368.169	82
368.226	83
368.285	82
368.342	81
368.426	82
368.483	83
368.537	82
368.639	81
368.713	82
368.776	83
368.838	84
368.898	85
368.962	84
369.024	85
369.093	86
369.156	85
369.214	86
369.271	85
369.325	84
369.384	85
369.443	84
369.499	83
369.56	84
369.64	85
369.699	86
369.761	85
369.821	84
369.874	83
369.947	84
370.014	83
370.069	84
370.122	83
370.176	82
370.258	81
370.321	80
370.386	81
370.45	80
370.527	81
370.581	82
370.638	83
370.703	82
370.761	81
370.817	80
370.871	81
370.928	82
370.985	81
371.038	80
371.128	81
371.197	80
371.251	79
371.319	80
371.375	79
371.438	80
371.493	81
371.561	80
371.625	81
371.701	82
371.769	81
371.829	82
371.89	81
371.947	82
372.012	81
372.082	80
372.143	79
372.198	80
372.253	79
372.318	80
372.392	81
372.448	80
372.504	79
372.571	78
372.649	79
372.704	78
372.771	77
372.831	76
372.914	75
372.984	74
373.065	75
373.131	76
373.201	75
373.27	74
373.38	73
373.494	74
373.556	75
373.619	76
373.681	77
373.769	76
373.838	77
373.91	78
373.975	77
374.033	78
374.095	77
374.151	78
374.213	79
374.295	80
374.385	81
374.443	82
374.502	83
374.57	84
374.645	85
374.699	86
374.763	85
374.818	86
374.878	87
374.945	88
375	87
375.061	88
375.117	87
375.18	86
375.24	87
375.297	88
375.349	89
375.403	90
375.459	91
375.525	92
375.584	91
375.637	92
375.705	93
375.757	94
375.811	95
375.862	94
375.927	95
375.98	96
376.032	95
376.087	94
376.163	93
376.274	94
376.324	95
376.372	94
376.427	93
376.483	94
376.534	93
376.592	94
376.641	95
376.699	94
376.755	93
376.816	94
376.869	95
376.934	96
376.983	97
377.117	98
377.172	99
377.22	98
377.269	97
377.325	96
377.379	97
377.436	96
377.493	97
377.543	98
377.606	97
377.666	96
377.716	97
377.773	96
377.824	97
377.918	98
377.97	97
378.032	98
378.087	99
378.149	100
378.199	101
378.262	102
378.307	101
378.363	102
378.424	101
378.484	102
378.536	101
378.582	102
378.655	103
378.701	102
378.752	101
378.803	102
378.891	103
378.973	102
379.025	101
379.095	102
379.14	101
379.194	102
379.245	101
379.303	100
379.355	99
379.405	100
379.46	101
379.506	102
379.552	103
379.601	102
379.66	101
379.713	100
379.773	101
379.837	100
379.887	99
379.935	98
379.983	97
380.035	96
380.098	97
380.17	98
380.232	97
380.279	96
380.339	95
380.386	96
380.456	97
380.513	96
380.564	95
380.625	94
380.688	95
380.752	94
380.813	95
380.863	94
380.917	95
380.965	96
381.035	95
381.094	96
381.171	97
381.219	96
381.273	97
381.321	98
381.368	97
381.421	98
381.474	99
381.521	100
381.567	101
381.617	102
381.667	103
381.731	102
381.778	101
381.826	102
381.892	101
381.942	102
381.995	101
382.059	102
382.107	101
382.168	100
382.216	101
382.265	100
382.32	99
382.367	98
382.416	99
382.472	98
382.529	99
382.58	98
382.627	99
382.678	100
382.735	99
382.785	100
382.834	101
382.885	102
382.964	101
383.012	102
383.063	103
383.113	102
383.18	103
383.23	102
383.277	101
383.333	102
383.39	101
383.457	102
383.506	103
383.555	102
383.601	103
383.648	102
383.694	101
383.74	100
383.787	101
383.852	100
383.901	99
383.962	100
384.008	99
384.082	100
384.155	101
384.211	102
384.259	101
384.321	100
384.403	99
384.461	98
384.519	99
384.577	100
384.632	99
384.68	100
384.727	99
384.775	100
384.83	101
384.901	102
384.949	101
385.001	100
385.05	101
385.099	100
385.152	99
385.205	100
385.264	101
385.311	102
385.363	101
385.42	100
385.475	99
385.524	100
385.584	101
385.636	102
385.709	103
385.767	104
385.818	103
385.874	104
385.937	105
386.008	104
386.072	105
386.12	106
386.185	107
386.235	106
386.299	105
386.348	104
386.395	105
386.453	106
386.518	105
386.581	106
386.63	105
386.677	104
386.728	105
386.784	104
386.829	105
386.892	106
386.937	105
386.991	104
387.036	103
387.083	102
387.138	101
387.193	100
387.255	101
387.301	100
387.35	101
387.395	100
387.443	99
387.491	100
387.546	99
387.61	100
387.661	99
387.711	98
387.763	97
387.832	98
387.886	99
387.95	100
388.031	99
388.096	98
388.147	99
388.195	98
388.302	97
388.35	96
388.44	95
388.489	94
388.543	95
388.6	96
388.653	97
388.712	96
388.762	97
388.811	98
388.863	97
388.915	96
388.965	95
389.021	96
389.088	97
389.151	98
389.202	97
389.254	96
389.331	97
389.382	96
389.439	97
389.506	96
389.576	95
389.625	94
389.696	95
389.779	96
389.83	95
389.879	94
389.932	95
389.988	96
390.083	95
390.143	94
390.192	95
390.244	96
390.293	97
390.375	98
390.43	99
390.504	100
390.559	101
390.617	102
390.676	101
390.731	102
390.785	101
390.855	100
390.903	99
390.953	100
391.005	99
391.057	100
391.113	99
391.164	98
391.218	99
391.265	98
391.326	99
391.373	98
391.432	97
391.503	98
391.563	99
391.613	100
391.661	99
391.715	100
391.788	101
391.839	100
391.886	99
391.946	100
392	101
392.055	100
392.112	101
392.163	100
392.223	101
392.28	102
392.332	103
392.381	104
392.429	103
392.477	102
392.53	103
392.598	104
392.644	105
392.696	106
392.742	105
392.788	104
392.836	103
392.886	102
392.948	101
393.011	100
393.067	101
393.116	102
393.179	103
393.253	104
393.302	105
393.362	106
393.412	105
393.462	104
393.521	105
393.567	104
393.617	105
393.664	104
393.718	103
393.764	102
393.812	103
393.867	102
393.913	103
393.969	104
394.018	103
394.074	102
394.123	103
394.169	102
394.218	103
394.264	102
394.329	101
394.391	102
394.448	101
394.5	102
394.562	103
394.609	102
394.663	101
394.713	100
394.769	99
394.819	98
394.883	99
394.94	100
394.989	99
395.044	100
395.095	101
395.151	100
395.204	101
395.256	102
395.329	103
395.386	104
395.431	105
395.487	106
395.537	105
395.588	106
395.64	107
395.691	108
395.737	107
395.782	106
395.831	105
395.88	104
395.938	103
395.99	102
396.053	103
396.1	102
396.151	101
396.215	100
396.267	101
396.336	102
396.391	101
396.445	102
396.497	101
396.55	102
396.599	103
396.65	102
396.704	103
396.757	102
396.811	101
396.862	102
396.92	103
396.972	102
397.02	101
397.067	100
397.119	101
397.167	100
397.225	101
397.271	100
397.323	101
397.4	100
397.482	99
397.533	98
397.585	99
397.633	98
397.681	97
397.744	98
397.795	99
397.855	100
397.903	99
397.958	100
398.028	99
398.086	100
398.141	99
398.189	100
398.238	101
398.29	102
398.348	103
398.412	102
398.463	103
398.512	102
398.568	103
398.614	102
398.663	103
398.715	102
398.777	101
398.823	100
398.88	99
398.928	98
398.978	97
399.031	98
399.08	99
399.14	100
399.19	99
399.26	100
399.319	101
399.379	100
399.427	101
399.481	100
399.529	99
399.577	98
399.628	97
399.678	96
399.735	97
399.793	98
399.845	99
399.893	98
399.948	99
400.001	98
400.055	99
400.113	98
400.168	97
400.218	96
400.266	95
400.319	94
400.37	95
400.439	94
400.524	95
400.573	94
400.624	95
400.71	94
400.763	93
400.819	92
400.869	91
400.94	92
400.993	93
401.045	94
401.097	95
401.177	94
401.261	95
401.316	94
401.366	95
401.415	96
401.497	95
401.546	96
401.62	95
401.676	96
401.729	97
401.781	98
401.833	97
401.897	96
401.957	97
402.012	96
402.063	97
402.111	98
402.168	97
402.216	96
402.266	95
402.317	94
402.372	93
402.434	94
402.484	95
402.538	96
402.594	95
402.649	94
402.725	95
402.779	94
402.828	93
402.883	94
402.932	93
402.988	92
403.047	91
403.106	92
403.168	91
403.251	92
403.303	91
403.354	92
403.425	91
403.484	92
403.535	93
403.587	94
403.65	95
403.704	96
403.763	95
403.825	96
403.878	95
403.944	96
403.993	95
404.084	94
404.143	93
404.207	94
404.258	93
404.311	94
404.361	93
404.411	92
404.465	93
404.521	94
404.579	95
404.643	94
404.701	95
404.77	96
404.832	95
404.884	96
404.977	95
405.031	94
405.085	93
405.14	92
405.204	91
405.262	90
405.316	89
405.37	88
405.455	89
405.508	90
405.564	91
405.616	92
405.689	93
405.74	92
405.796	91
405.871	92
405.94	91
405.994	90
406.078	89
406.136	90
406.215	91
406.267	90
406.346	91
406.42	92
406.472	91
406.552	90
406.604	91
406.671	92
406.731	93
406.812	92
406.883	91
406.949	92
407.007	93
407.081	94
407.132	93
407.187	92
407.245	91
407.336	90
407.407	89
407.461	88
407.543	87
407.601	86
407.667	87
407.74	88
407.803	87
407.874	86
407.931	85
408.004	86
408.063	87
408.129	86
408.207	87
408.271	86
408.335	85
408.393	86
408.446	85
408.521	84
408.597	83
408.657	84
408.74	83
408.797	84
408.858	83
408.929	82
408.986	81
409.042	80
409.128	79
409.187	80
409.243	81
409.314	80
409.386	81
409.442	80
409.498	81
409.555	82
409.646	83
409.701	82
409.763	83
409.832	84
409.892	83
409.956	82
410.026	83
410.089	84
410.16	83
410.223	82
410.282	81
410.353	80
410.418	79
410.481	80
410.555	81
410.61	82
410.677	81
410.761	80
410.816	79
410.89	78
410.95	79
411.016	80
411.114	81
411.171	80
411.231	79
411.287	78
411.345	77
411.402	78
411.473	79
411.528	78
411.586	77
411.653	78
411.74	77
411.8	76
411.869	75
411.926	74
412.006	75
412.071	74
412.14	75
412.204	74
412.286	73
412.348	72
412.429	73
412.487	74
412.561	73
412.619	72
412.682	71
412.745	70
412.81	71
412.871	72
412.959	73
413.018	74
413.081	75
413.145	74
413.203	75
413.299	74
413.368	73
413.433	72
413.498	73
413.614	72
413.681	73
413.753	72
413.84	71
413.902	72
413.974	71
414.049	70
414.117	69
414.179	70
414.256	69
414.324	70
414.411	69
414.504	68
414.591	69
414.665	68
414.736	69
414.806	70
414.897	69
414.969	70
415.036	69
415.107	70
415.181	69
415.246	68
415.309	69
415.381	68
415.454	69
415.516	70
415.591	71
415.673	70
415.736	69
415.806	68
415.869	67
415.969	66
416.036	67
416.106	68
416.193	67
416.273	68
416.349	67
416.433	66
416.499	67
416.613	66
416.678	67
416.743	68
416.804	69
416.878	70
416.962	69
417.05	70
417.124	71
417.186	70
417.261	69
417.337	70
417.41	71
417.474	72
417.548	73
417.622	74
417.693	75
417.754	74
417.828	75
417.91	76
418.002	77
418.062	76
418.132	77
418.198	78
418.261	77
418.323	76
418.404	75
418.466	74
418.526	75
418.595	74
418.659	75
418.73	74
418.808	73
418.885	74
418.968	73
419.037	72
419.099	73
419.161	74
419.255	75
419.315	76
419.382	75
419.45	76
419.511	77
419.577	76
419.703	77
419.776	78
419.843	79
419.921	78
419.987	77
420.046	78
420.103	77
420.168	78
420.239	79
420.306	80
420.384	79
420.458	78
420.521	77
420.581	78
420.647	79
420.716	80
420.786	79
420.843	78
420.903	77
420.971	76
421.046	77
421.109	78
421.168	79
421.25	78
421.311	79
421.368	78
421.425	77
421.499	78
421.585	77
421.643	76
421.701	75
421.765	76
421.831	77
421.906	78
421.97	77
422.029	78
422.085	79
422.156	80
422.216	79
422.275	80
422.332	81
422.398	82
422.461	81
422.517	82
422.577	83
422.64	84
422.699	85
422.753	86
422.825	87
422.877	86
422.931	87
422.986	88
423.051	89
423.111	90
423.181	89
423.241	88
423.319	89
423.374	88
423.459	89
423.512	88
423.571	87
423.631	88
423.689	89
423.744	90
423.808	89
423.887	90
423.95	91
424.008	92
424.058	91
424.127	92
424.182	91
424.242	90
424.395	89
424.461	90
424.518	89
424.584	88
424.643	87
424.697	88
424.767	89
424.837	90
424.895	89
424.95	88
425.007	87
425.07	88
425.127	87
425.182	86
425.257	87
425.313	88
425.367	89
425.427	90
425.479	89
425.537	90
425.589	89
425.648	88
425.7	87
425.757	86
425.81	87
425.864	88
425.936	87
425.999	86
426.061	87
426.115	88
426.179	89
426.234	88
426.296	89
426.351	88
426.405	89
426.459	88
426.512	89
426.585	88
426.641	89
426.695	88
426.76	89
426.826	88
426.895	89
426.952	90
427.007	89
427.063	88
427.128	87
427.185	88
427.242	89
427.296	90
427.356	89
427.411	88
427.463	87
427.526	86
427.578	87
427.641	88
427.699	87
427.75	88
427.811	89
427.883	90
427.938	91
427.991	92
428.042	91
428.093	90
428.161	91
428.217	92
428.283	91
428.333	92
428.388	93
428.449	94
428.51	95
428.579	94
428.635	93
428.686	92
428.779	93
428.835	94
428.898	95
428.949	94
429.009	93
429.06	94
429.129	95
429.177	94
429.236	93
429.286	92
429.337	91
429.436	90
429.496	89
429.548	90
429.606	89
429.663	90
429.732	91
429.784	92
429.865	93
429.926	94
429.978	95
430.042	94
430.102	95
430.159	94
430.214	95
430.263	96
430.311	97
430.369	96
430.434	95
430.498	96
430.555	97
430.618	98
430.668	97
430.726	96
430.774	97
430.839	98
430.886	97
430.939	98
430.994	97
431.045	98
431.099	97
431.156	96
431.209	95
431.304	94
431.356	95
431.417	94
431.474	93
431.54	94
431.6	95
431.65	96
431.709	97
431.757	96
431.821	97
431.888	96
431.944	97
432.007	98
432.068	97
432.126	96
432.176	97
432.234	98
432.281	99
432.329	100
432.376	99
432.434	98
432.485	97
432.536	98
432.582	99
432.631	98
432.69	97
432.737	98
432.8	97
432.851	96
432.899	95
432.952	94
433.004	93
433.054	92
433.135	93
433.192	92
433.241	93
433.33	94
433.393	93
433.451	92
433.508	93
433.596	94
433.647	95
433.698	96
433.759	95
433.839	96
433.929	97
433.983	96
434.039	97
434.1	96
434.16	97
434.218	98
434.266	97
434.316	96
434.368	95
434.419	94
434.482	95
434.532	96
434.587	95
434.64	96
434.689	97
434.76	96
434.809	95
434.863	94
434.921	95
434.978	94
435.03	93
435.08	94
435.171	95
435.245	96
435.305	95
435.36	94
435.428	93
435.486	94
435.539	93
435.601	92
435.684	93
435.744	92
435.797	91
435.856	92
435.911	91
435.973	92
436.028	93
436.083	94
436.148	95
436.197	94
436.28	95
436.344	96
436.4	95
436.45	94
436.509	95
436.568	96
436.62	97
436.67	96
436.718	97
436.772	98
436.828	99
436.877	98
436.928	97
436.976	96
437.024	97
437.098	98
437.164	97
437.222	96
437.279	95
437.335	94
437.395	95
437.452	94
437.506	93
437.556	94
437.611	93
437.665	92
437.738	93
437.797	94
437.847	95
437.942	94
437.999	93
438.056	94
438.107	93
438.164	94
438.216	95
438.273	96
438.334	95
438.385	94
438.46	95
438.508	96
438.558	97
438.615	98
438.674	97
438.743	96
438.802	95
438.862	96
438.919	97
438.97	98
439.024	99
439.074	100
439.126	101
439.173	100
439.231	101
439.282	100
439.35	99
439.399	100
439.457	101
439.504	102
439.556	103
439.603	104
439.649	103
439.697	104
439.748	103
439.806	102
439.858	103
439.915	104
439.966	103
440.016	102
440.065	103
440.114	102
440.174	101
440.224	102
440.289	103
440.341	104
440.396	103
440.443	104
440.534	103
440.582	102
440.636	101
440.719	100
440.771	101
440.82	100
440.87	99
440.918	98
440.977	97
441.028	96
441.076	95
441.127	94
441.212	95
441.279	94
441.336	95
441.393	94
441.454	93
441.516	92
441.578	91
441.629	90
441.679	91
441.731	90
441.786	91
441.841	92
441.922	93
441.975	94
442.028	93
442.082	94
442.139	95
442.194	96
442.245	95
442.297	94
442.364	93
442.421	94
442.484	95
442.539	96
442.601	97
442.661	98
442.714	97
442.766	96
442.818	95
442.87	96
442.917	97
442.97	96
443.022	95
443.079	96
443.129	97
443.186	98
443.235	99
443.285	100
443.348	101
443.395	102
443.453	101
443.503	102
443.555	103
443.625	104
443.67	103
443.728	104
443.79	105
443.871	106
443.916	107
443.977	106
444.034	105
444.081	104
444.126	103
444.216	104
444.265	103
444.31	104
444.356	103
444.409	104
444.467	105
444.513	106
444.567	107
444.615	108
444.662	109
444.714	108
444.768	107
444.826	106
444.873	105
444.933	104
445.022	103
445.084	102
445.131	103
445.184	104
445.233	103
445.29	104
445.335	103
445.385	102
445.444	101
445.49	102
445.544	103
445.597	104
445.643	105
445.705	104
445.752	103
445.819	102
445.881	103
445.927	102
445.973	103
446.021	104
446.072	105
446.117	106
446.166	107
446.22	108
446.272	107
446.325	108
446.391	109
446.449	110
446.493	111
446.546	110
446.598	111
446.656	112
446.698	111
446.743	110
446.796	109
446.843	110
446.894	111
446.97	110
447.022	111
447.071	112
447.119	113
447.166	114
447.238	115
447.295	114
447.352	113
447.409	112
447.463	113
447.515	114
447.557	115
447.6	114
447.646	113
447.69	112
447.737	111
447.78	112
447.834	111
447.892	110
447.956	111
447.999	112
448.05	113
448.101	112
448.143	111
448.195	110
448.24	111
448.29	112
448.337	113
448.389	112
448.437	113
448.512	112
448.555	113
448.612	112
448.67	113
448.72	114
448.764	113
448.817	112
448.872	111
448.915	110
448.966	111
449.011	110
449.069	111
449.124	110
449.204	109
449.248	108
449.295	107
449.355	106
449.402	107
449.451	106
449.504	107
449.561	106
449.612	107
449.662	108
449.707	107
449.784	108
449.836	109
449.883	108
449.935	109
450.005	108
450.071	109
450.131	108
450.18	107
450.228	106
450.292	105
450.341	104
450.39	105
450.442	104
450.504	105
450.556	104
450.621	105
450.669	106
450.737	107
450.788	106
450.836	105
450.883	106
450.935	107
450.982	108
451.026	109
451.076	110
451.12	109
451.166	108
451.212	109
451.267	108
451.322	107
451.379	106
451.451	105
451.499	104
451.555	103
451.601	102
451.697	103
451.754	104
451.813	105
451.871	106
451.923	107
451.972	106
452.016	107
452.065	108
452.112	107
452.171	106
452.215	105
452.276	106
452.324	105
452.373	106
452.443	105
452.5	106
452.557	105
452.606	104
452.676	103
452.726	102
452.773	101
452.85	100
452.908	101
452.992	102
453.048	101
453.097	102
453.144	101
453.195	100
453.243	99
453.302	100
453.349	101
453.406	102
453.461	103
453.506	104
453.557	103
453.61	104
453.66	105
453.745	106
453.793	105
453.839	106
453.885	107
453.946	108
454.015	109
454.059	110
454.12	111
454.171	112
454.26	113
454.308	112
454.354	111
454.398	112
454.459	111
454.507	112
454.552	113
454.596	114
454.641	113
454.698	114
454.747	115
454.793	116
454.843	117
454.892	118
454.934	119
455.001	120
455.045	119
455.09	118
455.135	117
455.18	118
455.234	117
455.281	118
455.383	119
455.426	118
455.472	119
455.523	118
455.567	119
455.633	118
455.69	119
455.74	118
455.786	117
455.838	118
455.889	117
455.939	116
455.995	115
456.045	116
456.116	117
456.163	118
456.211	117
456.268	118
456.327	119
456.369	118
456.417	117
456.459	118
456.51	117
456.58	116
456.629	117
456.683	118
456.728	119
456.827	120
456.886	121
456.931	120
456.973	119
457.037	120
457.087	119
457.146	120
457.192	119
457.241	120
457.284	119
457.329	118
457.371	119
457.417	120
457.463	121
457.513	120
457.561	121
457.645	120
457.692	119
457.736	120
457.803	119
457.85	118
457.91	117
457.954	116
457.998	115
458.052	114
458.096	115
458.14	114
458.191	115
458.233	116
458.302	115
458.345	114
458.396	113
458.454	114
458.499	113
458.541	114
458.593	115
458.636	116
458.68	115
458.734	114
458.779	115
458.848	116
458.897	117
458.939	118
458.982	119
459.023	120
459.086	119
459.13	118
459.187	117
459.253	116
459.296	115
459.342	116
459.385	117
459.433	116
459.486	117
459.531	118
459.602	117
459.645	116
459.689	117
459.732	118
459.782	117
459.827	118
459.881	117
459.933	118
459.979	119
460.022	118
460.082	119
460.123	118
460.168	119
460.219	120
460.274	119
460.326	118
460.368	119
460.409	120
460.46	121
460.505	122
460.553	121
460.6	120
460.643	121
460.693	122
460.74	121
460.783	122
460.834	121
460.9	120
460.943	119
460.992	118
461.035	117
461.083	118
461.125	117
461.17	116
461.222	115
461.265	114
461.309	113
461.358	112
461.407	111
461.45	110
461.5	111
461.546	110
461.623	109
461.669	108
461.714	107
461.768	106
461.818	105
461.864	106
461.911	107
461.961	106
462.008	105
462.058	106
462.106	105
462.156	104
462.217	103
462.276	102
462.335	103
462.381	102
462.437	101
462.492	102
462.539	103
462.584	104
462.631	103
462.677	104
462.73	105
462.825	106
462.882	107
462.937	106
462.983	105
463.046	104
463.111	103
463.157	102
463.205	103
463.274	104
463.32	103
463.369	104
463.427	105
463.482	106
463.528	107
463.583	108
463.635	109
463.683	108
463.739	107
463.782	106
463.832	107
463.876	108
463.922	107
463.97	106
464.016	107
464.066	108
464.114	109
464.174	110
464.219	111
464.278	110
464.328	111
464.377	112
464.425	113
464.477	114
464.524	113
464.58	114
464.625	113
464.681	114
464.731	115
464.784	116
464.834	117
464.888	118
464.953	117
465	116
465.048	117
465.095	118
465.144	117
465.19	116
465.235	115
465.287	114
465.33	113
465.373	112
465.45	111
465.505	112
465.55	113
465.595	112
465.643	111
465.692	110
465.749	109
465.8	108
465.843	109
465.892	108
465.967	107
466.027	108
466.076	107
466.121	108
466.168	109
466.218	110
466.277	109
466.331	108
466.38	107
466.427	106
466.479	105
466.53	104
466.579	103
466.629	104
466.675	105
466.721	104
466.794	103
466.843	104
466.89	105
466.946	104
466.998	103
467.046	104
467.093	105
467.14	106
467.204	105
467.254	104
467.299	105
467.36	106
467.416	105
467.461	104
467.509	103
467.556	104
467.607	103
467.651	102
467.714	101
467.763	100
467.822	99
467.891	98
467.94	97
468.01	98
468.076	99
468.127	98
468.182	97
468.229	96
468.278	97
468.338	98
468.385	97
468.461	98
468.517	99
468.586	98
468.634	97
468.685	96
468.734	97
468.782	98
468.842	97
468.894	96
468.954	97
469.003	96
469.058	97
469.115	96
469.166	97
469.223	98
469.292	97
469.343	96
469.4	95
469.447	96
469.494	95
469.545	96
469.592	95
469.657	94
469.708	93
469.811	92
469.887	91
469.945	90
470.009	89
470.074	88
470.141	87
470.196	86
470.253	87
470.304	86
470.376	85
470.428	86
470.496	87
470.553	88
470.603	87
470.689	88
470.778	87
470.831	86
470.885	85
470.939	86
471.002	87
471.058	88
471.112	87
471.177	88
471.242	87
471.322	88
471.4	89
471.473	88
471.525	87
471.577	86
471.634	87
471.687	88
471.748	89
471.809	88
471.894	89
471.945	88
472.01	87
472.062	88
472.115	87
472.198	86
472.261	87
472.324	86
472.379	85
472.443	86
472.497	87
472.555	88
472.618	89
472.69	90
472.743	91
472.807	92
472.857	93
472.908	92
472.997	93
473.068	94
473.135	93
473.191	92
473.256	93
473.309	94
473.358	95
473.416	94
473.465	93
473.559	94
473.612	93
473.681	92
473.749	93
473.816	92
473.876	93
473.933	94
473.985	95
474.039	94
474.112	95
474.163	96
474.21	97
474.275	96
474.335	95
474.395	94
474.443	95
474.492	94
474.542	95
474.605	94
474.672	93
474.725	94
474.773	95
474.832	96
474.884	97
474.936	96
474.986	97
475.046	96
475.12	97
475.169	96
475.218	97
475.267	98
475.338	99
475.396	98
475.446	99
475.509	100
475.597	101
475.656	102
475.703	101
475.754	102
475.8	101
475.851	100
475.901	99
475.951	100
475.999	101
476.05	100
476.099	101
476.148	100
476.203	99
476.254	100
476.324	101
476.384	100
476.436	99
476.486	100
476.534	99
476.597	100
476.657	99
476.738	98
476.788	97
476.857	96
476.913	97
476.965	96
477.016	97
477.065	96
477.143	97
477.2	96
477.259	95
477.312	96
477.363	97
477.418	96
477.471	95
477.529	96
477.58	97
477.634	98
477.685	97
477.741	96
477.796	97
477.872	96
477.934	97
478.007	98
478.062	99
478.12	100
478.173	101
478.239	102
478.291	101
478.34	100
478.392	99
478.451	100
478.502	101
478.555	102
478.631	101
478.687	102
478.739	103
478.788	102
478.841	103
478.89	104
478.941	103
478.998	102
479.054	101
479.112	102
479.164	103
479.255	102
479.303	103
479.362	104
479.417	105
479.463	104
479.516	105
479.575	106
479.634	105
479.681	104
479.73	103
479.789	102
479.84	103
479.895	104
479.944	105
479.991	106
480.04	107
480.095	108
480.139	109
480.204	110
480.249	109
480.293	108
480.347	107
480.393	106
480.44	105
480.49	106
480.565	105
480.614	106
480.668	105
480.719	104
480.771	103
480.817	104
480.867	103
480.913	104
480.962	105
481.008	106
481.055	105
481.102	106
481.156	105
481.201	104
481.251	105
481.316	106
481.386	105
481.444	104
481.493	105
481.56	106
481.616	107
481.675	108
481.727	109
481.778	110
481.83	109
481.894	108
481.94	109
481.986	110
482.032	109
482.077	110
482.13	109
482.176	108
482.231	107
482.283	108
482.329	109
482.381	108
482.46	107
482.52	106
482.564	107
482.619	106
482.674	105
482.725	104
482.777	105
482.836	106
482.886	107
482.948	108
482.997	109
483.047	108
483.105	107
483.158	108
483.203	107
483.248	106
483.294	107
483.338	108
483.383	107
483.45	108
483.497	107
483.554	106
483.601	105
483.65	106
483.705	105
483.751	106
483.799	105
483.911	106
483.958	107
484.007	108
484.056	107
484.104	108
484.155	107
484.201	108
484.261	107
484.311	106
484.359	107
484.416	106
484.468	107
484.515	106
484.579	105
484.647	104
484.704	105
484.751	104
484.802	105
484.856	106
484.91	107
484.96	106
485.006	107
485.052	106
485.103	107
485.153	106
485.201	105
485.268	104
485.329	103
485.38	104
485.429	103
485.48	104
485.527	105
485.592	104
485.641	103
485.691	102
485.743	103
485.795	102
485.864	101
485.912	102
485.967	103
486.029	104
486.075	105
486.124	104
486.189	103
486.236	104
486.286	103
486.336	102
486.394	103
486.47	104
486.515	103
486.561	102
486.61	101
486.666	102
486.713	103
486.774	104
486.819	105
486.867	106
486.921	107
486.967	108
487.013	107
487.072	106
487.142	105
487.188	104
487.238	105
487.283	104
487.329	103
487.375	102
487.426	101
487.472	100
487.523	101
487.572	100
487.626	99
487.673	98
487.735	99
487.791	98
487.837	99
487.915	100
487.976	99
488.028	98
488.081	97
488.137	96
488.187	97
488.253	96
488.309	95
488.381	94
488.459	93
488.52	94
488.586	95
488.644	96
488.694	95
488.75	96
488.804	95
488.854	96
488.904	95
488.964	96
489.014	97
489.112	96
489.172	97
489.222	98
489.273	97
489.334	98
489.381	99
489.44	100
489.489	101
489.537	100
489.589	99
489.641	98
489.702	99
489.758	98
489.811	97
489.859	96
489.908	97
489.956	96
490.013	95
490.074	94
490.125	95
490.173	96
490.247	97
490.298	98
490.363	97
490.44	96
490.493	97
490.564	96
490.613	97
490.683	98
490.753	99
490.802	98
490.853	97
490.902	98
490.972	99
491.033	98
491.086	97
491.138	96
491.191	95
491.252	94
491.304	93
491.356	92
491.434	93
491.529	94
491.582	93
491.637	92
491.69	91
491.741	92
491.797	93
491.847	92
491.947	93
491.999	92
492.052	91
492.112	90
492.163	91
492.225	90
492.343	91
492.431	90
492.491	91
492.553	90
492.629	89
492.686	90
492.758	91
492.822	90
492.897	89
492.951	90
493.002	91
493.069	92
493.122	93
493.178	92
493.238	93
493.303	92
493.355	91
493.412	92
493.462	93
493.517	92
493.628	93
493.681	92
493.742	93
493.794	92
493.856	91
493.922	92
493.973	91
494.03	92
494.088	93
494.153	92
494.214	93
494.264	94
494.313	95
494.394	96
494.448	97
494.499	98
494.558	99
494.605	100
494.664	101
494.716	100
494.773	99
494.826	98
494.874	99
494.921	98
494.982	97
495.049	96
495.117	95
495.165	94
495.221	95
495.269	96
495.319	95
495.374	96
495.434	97
495.484	96
495.575	95
495.628	94
495.677	95
495.746	94
495.822	95
495.872	94
495.942	93
495.997	94
496.06	93
496.112	92
496.191	91
496.256	90
496.308	91
496.357	92
496.413	93
496.471	94
496.532	95
496.602	96
496.649	97
496.716	98
496.766	97
496.817	98
496.872	97
496.92	98
496.985	99
497.033	100
497.09	101
497.157	102
497.211	103
497.257	102
497.305	103
497.352	104
497.397	103
497.442	102
497.49	101
497.548	100
497.613	99
497.669	98
497.72	97
497.775	96
497.854	95
497.911	94
497.98	95
498.036	96
498.091	95
498.145	96
498.204	97
498.252	96
498.335	95
498.388	94
498.458	95
498.532	94
498.585	95
498.649	96
498.698	95
498.747	94
498.796	95
498.848	96
498.897	95
498.956	94
499.009	93
499.066	92
499.129	91
499.217	92
499.272	91
499.322	90
499.38	89
499.44	90
499.507	89
499.59	90
499.667	91
499.723	90
499.788	91
499.846	92
499.914	93
499.969	92
500.03	91
