0	50
0.118591	49
0.20574	48
0.313402	47
0.410645	48
0.526119	49
0.625261	50
0.723708	51
0.874171	50
0.959516	51
1.06058	52
1.15023	51
1.26612	52
1.36369	51
1.48808	52
1.60896	51
1.69434	50
1.86462	49
1.9637	49
2.08034	50
2.18775	51
2.3149	52
2.42258	53
2.5294	53
2.61864	54
2.72996	54
2.88272	55
3.02659	54
3.13024	53
3.22168	52
3.3308	53
3.42426	55
3.51861	54
3.62202	55
3.72955	56
3.86263	55
3.97468	54
4.07797	53
4.25077	52
4.35271	51
4.43979	50
4.52925	49
4.62022	48
4.75059	49
4.86578	50
4.98199	49
5.08584	51
5.194	50
5.37592	49
5.4742	50
5.56515	52
5.65937	51
5.74897	50
5.94915	51
6.07974	50
6.18239	49
6.27259	51
6.39471	53
6.54405	55
6.66079	55
6.74524	54
6.82991	54
6.91878	53
7.00768	52
7.09546	54
7.18495	53
7.27488	52
7.44912	53
7.55862	55
7.66419	55
7.75491	54
7.84607	53
7.95551	54
8.07304	53
8.1889	52
8.27673	53
8.38641	54
8.53585	53
8.63466	55
8.72784	54
8.8324	56
8.92715	55
9.0177	57
9.12694	56
9.22171	56
9.31955	55
9.40484	54
9.48859	53
9.57926	52
9.68821	51
9.77552	52
9.93264	51
10.0548	50
10.1461	49
10.2398	50
10.3293	51
10.4658	53
10.5691	52
10.6708	51
10.7757	50
10.9033	51
10.9933	50
11.0874	51
11.1842	52
11.2797	53
11.4285	52
11.5161	51
11.6065	50
11.7616	52
11.8829	54
12.0696	53
12.1912	52
12.2788	51
12.3811	52
12.4878	54
12.6074	54
12.7049	53
12.7929	52
12.8852	51
12.9823	50
13.1172	51
13.2067	50
13.297	49
13.3881	48
13.486	47
13.6337	48
13.7369	47
13.833	46
13.9283	45
14.0408	45
14.17	47
14.2609	48
14.3523	47
14.4519	49
14.551	50
14.6391	51
14.7248	52
14.811	51
14.9048	52
14.9986	51
15.0889	53
15.1902	52
15.2811	54
15.392	53
15.4821	55
15.5631	56
15.6752	55
15.7883	55
15.9116	55
16.0325	54
16.1982	53
16.2993	52
16.3948	51
16.5468	52
16.6644	51
16.7656	50
16.8639	52
16.9595	52
17.0718	51
17.2025	50
17.3284	49
17.4407	48
17.5421	47
17.6566	48
17.7449	49
17.8338	48
17.9264	47
18.0524	46
18.2106	45
18.3248	44
18.4271	46
18.5625	45
18.6772	44
18.7728	44
18.8821	43
18.9833	42
19.0979	43
19.1996	42
19.3175	41
19.4518	40
19.5778	39
19.6806	39
19.7898	41
19.9019	40
20.0052	39
20.1361	38
20.261	40
20.3712	42
20.4702	41
20.5704	43
20.6732	42
20.7753	44
20.8713	46
20.9663	45
21.0824	46
21.1781	48
21.2877	47
21.4324	46
21.5795	45
21.7118	46
21.8378	48
22.0258	47
22.1268	48
22.2162	47
22.3203	46
22.4257	45
22.5842	47
22.6747	46
22.8011	47
22.8978	46
22.9995	48
23.1108	47
23.2049	49
23.3438	48
23.4922	47
23.59	46
23.685	45
23.8544	44
23.9513	43
24.0849	45
24.2072	47
24.3027	48
24.4152	47
24.5157	49
24.6146	51
24.7067	50
24.8298	49
24.9423	51
25.0499	50
25.1418	49
25.2435	48
25.3318	49
25.4281	50
25.5699	49
25.7062	48
25.7959	47
25.8851	47
25.9937	46
26.1038	48
26.2229	47
26.3434	46
26.4333	47
26.5312	49
26.6245	48
26.7255	48
26.8221	47
26.9365	46
27.0872	45
27.1819	46
27.277	48
27.394	49
27.4941	48
27.5819	50
27.6852	49
27.7766	48
27.8644	50
27.9544	49
28.0536	48
28.1795	50
28.285	52
28.4384	52
28.5305	53
28.6743	55
28.7724	54
28.8738	56
28.9676	58
29.0482	58
29.1243	59
29.2353	58
29.3133	57
29.3937	59
29.5226	58
29.6055	57
29.6908	56
29.7813	58
29.8697	60
29.9849	59
30.0855	58
30.1687	60
30.2458	62
30.3307	64
30.4152	63
30.4937	64
30.5725	64
30.6459	63
30.7219	64
30.8076	63
30.8805	65
30.9701	65
31.072	64
31.1583	63
31.2508	65
31.3334	64
31.4413	65
31.5138	64
31.6091	63
31.6972	64
31.7714	63
31.8459	65
31.9181	64
32.0098	65
32.1042	67
32.2219	66
32.3052	65
32.4067	64
32.5573	63
32.6565	62
32.7475	64
32.823	66
32.9157	65
32.9927	64
33.083	63
33.1663	62
33.2496	63
33.3255	65
33.3968	64
33.4686	63
33.5622	64
33.657	66
33.7407	65
33.8176	64
33.8937	63
33.9937	65
34.0818	64
34.1591	63
34.242	63
34.3179	62
34.4174	63
34.4967	63
34.571	62
34.6683	61
34.8091	60
34.8915	59
35.0336	60
35.1676	61
35.2473	60
35.3251	61
35.4268	60
35.511	59
35.6238	61
35.7095	63
35.7835	65
35.8634	66
35.96	65
36.0433	64
36.1173	64
36.2053	63
36.308	62
36.3901	63
36.4838	65
36.5822	64
36.6712	66
36.8174	67
36.9135	66
36.9852	65
37.0582	64
37.1358	66
37.2147	67
37.2915	66
37.3677	68
37.4453	70
37.5229	69
37.5941	68
37.6655	69
37.7522	70
37.8395	69
37.9486	68
38.0181	70
38.0907	69
38.1693	68
38.2563	67
38.3559	66
38.426	65
38.5049	64
38.5806	65
38.6648	67
38.7407	66
38.8188	65
38.9234	66
39.0139	67
39.0974	69
39.1773	68
39.255	67
39.3307	68
39.4194	67
39.5066	66
39.6276	65
39.731	64
39.8084	63
39.9197	62
40.0008	64
40.1211	66
40.197	65
40.3159	64
40.4067	66
40.5306	65
40.631	64
40.7169	63
40.7913	62
40.9251	61
41.0213	63
41.0998	62
41.1993	64
41.2965	66
41.3982	68
41.4672	70
41.5481	69
41.6231	68
41.7008	67
41.7831	66
41.8559	65
41.9535	64
42.031	63
42.1629	62
42.241	61
42.328	63
42.4226	62
42.5115	61
42.6659	60
42.7473	62
42.8285	64
42.9084	65
43.0086	66
43.0848	67
43.1752	66
43.2641	67
43.3716	66
43.4464	67
43.5423	68
43.6127	67
43.6973	69
43.7909	68
43.8626	69
43.9316	68
44.0243	70
44.1025	69
44.1812	68
44.2633	67
44.3529	69
44.4318	71
44.5489	70
44.6294	72
44.7	73
44.7945	72
44.9139	71
45.0018	73
45.0697	75
45.1377	76
45.2307	75
45.3582	74
45.4595	73
45.5315	74
45.5972	73
45.6702	72
45.7739	71
45.8528	70
45.9378	71
46.031	72
46.162	73
46.2453	72
46.3254	71
46.3929	70
46.4731	69
46.5574	68
46.6311	67
46.7035	66
46.8302	68
46.912	69
46.9895	68
47.0757	67
47.1485	69
47.2375	68
47.312	67
47.4448	68
47.5217	67
47.5941	66
47.6737	67
47.7594	66
47.8485	68
47.9567	70
48.0528	69
48.1246	68
48.1961	67
48.3131	66
48.4005	65
48.4753	66
48.5644	68
48.6341	70
48.7162	69
48.7901	68
48.8609	67
48.9351	66
49.0057	68
49.1116	67
49.2058	68
49.2937	67
49.378	69
49.4495	68
49.5318	70
49.64	71
49.7494	71
49.817	70
49.8948	71
49.9639	70
50.0312	69
50.1421	68
50.2401	67
50.3209	68
50.3997	69
50.5057	68
50.5862	69
50.6636	71
50.7753	73
50.8606	74
50.9435	75
51.0234	74
51.1226	75
51.2164	74
51.3157	73
51.3849	74
51.454	73
51.758	75
51.8497	74
51.914	75
51.9872	74
52.0672	73
52.1443	72
52.2167	71
52.2949	70
52.3676	72
52.4331	71
52.5008	70
52.5736	72
52.6625	71
52.8454	70
52.9211	69
53.0322	68
53.1009	70
53.2044	72
53.2715	72
53.3509	73
53.4712	74
53.5513	73
53.6208	74
53.7212	73
53.8065	72
53.8714	71
53.9709	70
54.0765	72
54.1473	73
54.2161	75
54.3362	76
54.3999	75
54.4896	74
54.5634	73
54.6362	74
54.7187	73
54.7874	72
54.8586	73
54.9307	75
54.9968	74
55.0796	73
55.1698	72
55.24	71
55.3125	70
55.3895	71
55.4913	73
55.5647	72
55.6367	71
55.7055	70
55.7753	70
55.8567	71
55.9297	70
55.9976	70
56.0703	69
56.1452	68
56.2218	67
56.2944	69
56.4037	71
56.4713	70
56.5468	69
56.6135	70
56.6913	69
56.7682	68
56.8487	70
56.9565	69
57.0299	71
57.1056	70
57.1785	71
57.2581	70
57.3356	72
57.41	73
57.5291	74
57.5957	73
57.6766	72
57.7453	71
57.8231	70
57.9003	71
57.9665	72
58.057	71
58.1438	70
58.2271	69
58.3045	71
58.3791	70
58.4474	72
58.5166	72
58.5903	73
58.664	75
58.7507	74
58.8377	73
58.9133	72
58.9793	71
59.0469	72
59.1295	71
59.1965	70
59.2838	69
59.3676	68
59.4416	69
59.5401	68
59.6232	69
59.7014	68
59.7896	67
59.8632	69
59.9447	70
60.0198	69
60.105	68
60.1779	67
60.2704	68
60.3631	67
60.4454	66
60.5151	65
60.6099	64
60.7033	63
60.7802	62
60.8952	64
60.9705	65
61.089	64
61.1819	63
61.256	64
61.328	63
61.4104	62
61.4904	61
61.6006	63
61.6779	62
61.7585	64
61.8367	63
61.9139	62
61.9856	64
62.0987	65
62.1877	64
62.288	66
62.3585	65
62.4305	64
62.4998	64
62.5732	63
62.649	65
62.7208	64
62.8052	63
62.8901	65
62.963	67
63.0414	66
63.1157	68
63.1885	67
63.274	66
63.3702	65
63.4583	64
63.5437	65
63.644	64
63.7216	66
63.7911	68
63.8609	67
63.9464	66
64.0159	65
64.111	67
64.2057	69
64.2716	68
64.3544	70
64.4624	69
64.5307	68
64.6224	69
64.7246	68
64.8177	69
64.8866	68
64.9573	67
65.0281	69
65.1104	68
65.187	67
65.3032	68
65.37	67
65.4537	66
65.5309	65
65.6067	64
65.6762	64
65.7647	66
65.8402	67
65.9082	66
66.0039	67
66.0745	68
66.1531	69
66.2425	70
66.343	69
66.4131	68
66.4862	69
66.5798	68
66.6959	67
66.7711	68
66.8656	67
66.9347	68
67.0462	67
67.1382	68
67.2094	70
67.2936	69
67.3683	68
67.4374	67
67.5432	66
67.6248	65
67.6973	66
67.7856	65
67.8751	66
67.9509	65
68.0203	67
68.1122	66
68.1979	65
68.2801	66
68.3486	65
68.4319	64
68.5124	63
68.5891	64
68.6619	63
68.8011	63
68.9071	65
68.9989	66
69.0778	68
69.1542	70
69.2428	69
69.3225	70
69.3923	72
69.4789	71
69.5557	73
69.6307	72
69.7296	71
69.8094	70
69.8823	71
69.9555	72
70.024	74
70.0994	75
70.1882	74
70.2677	73
70.3519	72
70.4575	71
70.5376	70
70.6705	69
70.77	68
70.8461	67
70.9502	69
71.0468	71
71.1222	73
71.2085	72
71.281	74
71.3588	73
71.4975	72
71.6052	74
71.6796	75
71.76	74
71.8468	73
71.9284	72
72.0025	71
72.0703	73
72.182	75
72.2544	75
72.3557	76
72.4429	77
72.5076	76
72.5728	75
72.6386	74
72.7083	76
72.7748	78
72.8835	79
72.9633	78
73.0252	77
73.0904	78
73.1558	77
73.2238	79
73.2879	80
73.3604	79
73.4715	78
73.5409	77
73.6113	79
73.6739	78
73.7442	79
73.8066	78
73.8994	80
73.9709	82
74.0368	84
74.0993	85
74.1863	84
74.2788	83
74.3688	82
74.4504	81
74.534	82
74.6046	82
74.6747	83
74.7459	82
74.8417	81
74.9024	80
74.9724	81
75.039	80
75.107	79
75.1839	78
75.2472	77
75.3223	77
75.3859	79
75.4745	80
75.5727	79
75.6559	80
75.735	81
75.7974	81
75.9075	80
75.9714	79
76.0379	78
76.1009	77
76.1945	78
76.2649	77
76.3394	76
76.4133	75
76.4919	74
76.5655	73
76.6358	75
76.6998	74
76.7648	74
76.8358	74
76.9052	73
77.0219	75
77.1063	74
77.1723	76
77.2627	78
77.3331	77
77.4082	76
77.4735	78
77.5576	77
77.6194	77
77.6983	76
77.7678	78
77.8825	79
77.9507	78
78.0456	77
78.1132	76
78.1779	77
78.2614	76
78.3241	75
78.3885	75
78.4814	76
78.5511	75
78.6183	74
78.689	73
78.8032	74
78.8695	75
78.9334	74
79.0057	73
79.0895	72
79.181	74
79.2748	73
79.359	72
79.4412	74
79.5141	73
79.5837	75
79.664	74
79.737	76
79.8081	78
79.8703	77
79.9559	76
80.0293	75
80.1098	74
80.1814	73
80.2521	72
80.329	71
80.4064	70
80.4819	71
80.5474	72
80.6245	71
80.7098	72
80.7922	73
80.8642	72
80.9317	74
80.999	74
81.0903	75
81.1612	77
81.2454	76
81.3221	75
81.396	74
81.4706	75
81.5393	74
81.6041	74
81.6744	73
81.741	72
81.808	71
81.9024	73
81.971	72
82.0649	71
82.1412	73
82.2257	72
82.3163	73
82.4094	72
82.5069	71
82.5815	71
82.6491	70
82.733	72
82.8103	71
82.8857	70
82.9592	69
83.034	70
83.112	71
83.2218	70
83.2885	72
83.3564	74
83.4578	73
83.5288	72
83.6142	74
83.7308	73
83.8089	75
83.8746	74
83.955	76
84.021	75
84.0909	74
84.1565	76
84.2243	75
84.3403	74
84.4219	76
84.4917	75
84.5558	76
84.6253	78
84.7062	79
84.779	78
84.8395	80
84.908	79
85.0186	81
85.0817	80
85.1437	82
85.2078	84
85.2655	83
85.3443	84
85.5024	85
85.5687	86
85.6327	85
85.6997	87
85.7637	86
85.8269	85
85.9827	84
86.0539	83
86.1321	82
86.2445	81
86.306	83
86.3865	82
86.4571	82
86.5742	81
86.6489	83
86.7666	84
86.8248	86
86.8828	85
86.9445	84
87.0194	83
87.0776	82
87.1459	81
87.2205	82
87.2869	81
87.3479	83
87.4067	82
87.4809	81
87.5575	80
87.6345	79
87.7031	80
87.7822	79
87.847	78
87.9281	77
88.0008	76
88.0692	75
88.1325	74
88.2086	73
88.2862	72
88.3558	74
88.4251	73
88.4921	72
88.5756	71
88.6576	73
88.7282	75
88.7955	76
88.8918	78
88.98	77
89.0519	76
89.1422	75
89.2092	74
89.2726	73
89.3366	72
89.4014	74
89.4733	73
89.5543	74
89.6383	75
89.7038	74
89.778	73
89.8441	72
89.9115	71
90.0022	70
90.0696	69
90.1446	68
90.2161	67
90.2959	69
90.3812	68
90.505	69
90.5886	68
90.6846	67
90.7663	66
90.8506	65
90.9406	64
91.0377	63
91.1378	62
91.2124	61
91.2912	62
91.4033	64
91.4779	63
91.5604	62
91.6393	64
91.7411	63
91.8228	65
91.9601	66
92.0528	65
92.1268	67
92.1994	69
92.2929	68
92.3803	70
92.4539	71
92.5355	70
92.6343	69
92.7161	68
92.7942	69
92.8738	71
92.9459	70
93.0459	69
93.1143	68
93.2038	67
93.2812	66
93.3843	65
93.4645	64
93.547	66
93.644	67
93.7585	66
93.8815	67
93.955	66
94.0512	68
94.1232	70
94.2021	69
94.2769	68
94.3803	70
94.4659	72
94.5936	71
94.6656	70
94.7441	69
94.8263	68
94.8995	67
94.9874	66
95.0764	65
95.1482	64
95.2351	65
95.3127	64
95.406	66
95.4755	67
95.5546	68
95.6241	68
95.6937	67
95.7629	66
95.8333	65
95.9276	66
96.016	68
96.0933	67
96.175	66
96.2466	65
96.3196	67
96.4141	66
96.4912	65
96.5661	67
96.6384	66
96.723	65
96.8061	64
96.8954	63
96.9868	62
97.0805	62
97.1569	62
97.2456	61
97.3228	60
97.3986	61
97.5172	60
97.6199	62
97.7365	61
97.8117	62
97.8939	61
98.0133	63
98.135	62
98.2494	63
98.3292	62
98.4118	61
98.4903	62
98.5677	63
98.6445	65
98.7215	64
98.8619	63
98.9377	64
99.0114	63
99.0909	64
99.1668	66
99.2407	68
99.3135	67
99.3849	66
99.4726	65
99.5693	67
99.6493	69
99.7315	68
99.8072	67
99.8876	66
99.9775	65
100.085	67
100.157	66
100.279	65
100.354	64
100.442	63
100.54	62
100.64	63
100.74	62
100.836	61
100.929	60
101.064	61
101.171	60
101.272	62
101.354	64
101.446	65
101.52	67
101.608	67
101.695	66
101.785	65
101.884	64
101.962	63
102.041	62
102.128	61
102.211	60
102.293	59
102.42	58
102.502	57
102.587	59
102.691	61
102.767	63
102.841	62
102.971	61
103.095	62
103.17	61
103.26	60
103.369	62
103.447	61
103.537	62
103.641	61
103.725	63
103.806	62
103.896	61
103.977	60
104.066	59
104.155	58
104.3	60
104.392	59
104.494	58
104.589	57
104.686	56
104.771	57
104.898	56
104.989	58
105.073	59
105.163	61
105.238	62
105.355	63
105.479	62
105.557	64
105.637	65
105.71	64
105.785	66
105.857	67
105.939	66
106.009	65
106.144	67
106.229	66
106.302	65
106.414	67
106.485	69
106.553	68
106.645	67
106.731	66
106.835	67
106.91	69
106.985	68
107.058	70
107.147	69
107.225	71
107.302	73
107.383	72
107.498	73
107.597	75
107.662	76
107.736	75
107.813	74
107.887	75
107.952	74
108.018	75
108.107	76
108.246	76
108.318	75
108.39	76
108.454	75
108.555	76
108.658	78
108.729	77
108.801	76
108.87	77
108.945	76
109.026	78
109.096	78
109.181	77
109.253	76
109.343	78
109.41	80
109.508	82
109.574	81
109.636	80
109.71	82
109.771	84
109.837	83
109.901	82
110.029	81
110.121	80
110.184	81
110.298	80
110.374	79
110.436	78
110.521	79
110.619	78
110.7	79
110.772	78
110.847	80
110.914	79
110.987	78
111.082	77
111.15	79
111.226	78
111.301	80
111.413	79
111.48	78
111.551	77
111.614	77
111.695	76
111.769	75
111.835	74
111.901	76
111.979	78
112.043	77
112.111	76
112.19	78
112.263	77
112.348	76
112.419	75
112.482	75
112.569	74
112.674	73
112.741	72
112.829	73
112.912	72
112.98	71
113.066	73
113.189	72
113.255	71
113.322	71
113.392	73
113.459	75
113.528	77
113.621	79
113.711	81
113.776	82
113.864	84
113.93	83
113.996	84
114.058	83
114.16	85
114.291	86
114.35	85
114.434	84
114.494	85
114.56	84
114.644	83
114.705	85
114.785	86
114.843	87
114.911	89
114.973	91
115.036	90
115.106	89
115.174	88
115.25	87
115.323	88
115.386	87
115.453	89
115.529	88
115.602	87
115.672	89
115.74	91
115.804	90
115.88	89
115.958	88
116.022	87
116.082	86
116.18	85
116.241	87
116.306	86
116.368	88
116.426	87
116.499	89
116.556	88
116.62	87
116.678	86
116.805	85
116.878	84
116.962	85
117.02	84
117.081	86
117.149	85
117.215	84
117.294	83
117.36	85
117.426	84
117.488	83
117.553	85
117.612	84
117.676	83
117.775	82
117.882	81
117.987	80
118.078	82
118.156	84
118.218	83
118.278	84
118.337	86
118.405	87
118.466	86
118.534	87
118.596	88
118.658	88
118.732	89
118.788	88
118.849	89
118.999	91
119.058	92
119.128	91
119.19	92
119.247	94
119.31	93
119.366	92
119.423	93
119.497	95
119.559	96
119.613	95
119.723	94
119.812	93
119.872	95
119.947	96
120.004	95
120.087	94
120.161	93
120.236	95
120.35	96
120.422	95
120.486	94
120.587	95
120.655	97
120.717	98
120.83	97
120.886	96
120.943	98
120.997	98
121.05	98
121.11	99
121.167	98
121.243	97
121.298	96
121.355	95
121.424	96
121.48	95
121.546	94
121.61	95
121.68	94
121.743	96
121.808	98
121.868	97
121.921	99
121.984	98
122.041	100
122.116	99
122.178	98
122.265	100
122.329	101
122.395	102
122.455	104
122.506	103
122.565	102
122.619	101
122.684	102
122.759	101
122.813	103
122.865	102
122.936	104
123.006	103
123.062	102
123.129	104
123.183	103
123.253	104
123.322	106
123.38	105
123.442	107
123.493	106
123.551	106
123.602	105
123.655	104
123.725	105
123.783	106
123.843	105
123.921	104
123.972	105
124.047	107
124.112	106
124.168	105
124.227	104
124.294	106
124.346	105
124.402	104
124.456	106
124.51	108
124.569	107
124.62	109
124.676	108
124.735	109
124.784	108
124.835	108
124.895	109
124.947	108
124.999	110
125.051	111
125.102	112
125.174	111
125.225	110
125.288	109
125.369	108
125.455	110
125.507	111
125.557	112
125.61	111
125.66	112
125.709	114
125.757	113
125.808	112
125.869	111
125.928	112
125.982	113
126.037	114
126.093	113
126.158	112
126.212	113
126.266	112
126.332	111
126.381	110
126.431	112
126.481	111
126.548	113
126.609	112
126.672	114
126.732	113
126.794	112
126.859	111
126.932	113
126.991	115
127.046	114
127.096	115
127.145	117
127.2	116
127.25	115
127.306	116
127.357	115
127.409	114
127.462	113
127.518	114
127.578	113
127.639	112
127.689	111
127.744	112
127.798	111
127.852	112
127.902	111
127.953	110
128.002	109
128.052	111
128.121	113
128.173	115
128.235	116
128.292	115
128.342	114
128.417	115
128.471	117
128.526	116
128.575	115
128.622	117
128.669	116
128.721	115
128.829	114
128.878	113
128.947	112
128.999	111
129.063	110
129.114	112
129.162	111
129.211	113
129.284	112
129.335	111
129.387	110
129.441	109
129.496	109
129.546	108
129.607	107
129.666	106
129.72	105
129.78	107
129.841	106
129.893	105
129.945	106
130.012	105
130.065	104
130.127	103
130.184	102
130.236	101
130.29	100
130.39	102
130.443	104
130.518	103
130.57	105
130.62	104
130.679	103
130.731	102
130.786	104
130.838	103
130.934	102
130.99	101
131.053	101
131.105	102
131.158	101
131.214	100
131.279	99
131.333	98
131.392	97
131.445	96
131.518	98
131.573	99
131.65	98
131.737	97
131.793	96
131.869	95
131.943	95
132.015	94
132.082	95
132.137	94
132.193	93
132.269	95
132.334	94
132.387	93
132.476	94
132.534	93
132.587	94
132.643	93
132.701	94
132.788	95
132.859	94
132.92	93
133	92
133.058	91
133.114	93
133.17	92
133.249	94
133.329	93
133.404	92
133.469	91
133.53	90
133.593	89
133.666	88
133.743	87
133.799	86
133.869	85
133.934	84
133.999	85
134.056	84
134.138	86
134.198	85
134.278	84
134.338	83
134.406	82
134.47	84
134.537	83
134.6	82
134.682	84
134.75	83
134.812	82
134.871	81
134.938	80
135.001	79
135.086	78
135.151	80
135.211	79
135.304	81
135.378	83
135.448	82
135.514	84
135.593	83
135.663	82
135.739	84
135.808	86
135.879	87
135.941	89
136.004	91
136.061	90
136.127	89
136.188	88
136.284	89
136.384	88
136.444	87
136.528	88
136.588	89
136.653	90
136.709	90
136.778	89
136.848	91
136.914	90
136.995	89
137.052	88
137.125	87
137.188	88
137.252	89
137.31	88
137.372	87
137.461	86
137.561	85
137.633	87
137.738	89
137.801	88
137.889	87
137.96	88
138.021	87
138.096	89
138.153	90
138.221	92
138.279	91
138.349	90
138.411	89
138.471	89
138.569	91
138.631	90
138.693	89
138.758	88
138.834	90
138.902	91
138.995	93
139.053	92
139.11	93
139.175	95
139.237	94
139.307	95
139.368	94
139.439	95
139.498	94
139.564	93
139.628	95
139.684	96
139.782	95
139.837	94
139.918	93
139.977	94
140.038	96
140.104	97
140.164	99
140.217	100
140.269	101
140.341	100
140.401	101
140.452	100
140.508	100
140.577	101
140.656	102
140.713	103
140.769	102
140.84	101
140.901	100
140.975	101
141.032	100
141.088	99
141.147	99
141.205	100
141.257	100
141.309	101
141.383	102
141.443	101
141.506	103
141.556	102
141.61	101
141.67	102
141.756	101
141.808	100
141.869	99
141.931	100
141.981	101
142.04	100
142.128	101
142.193	100
142.252	99
142.304	101
142.359	100
142.41	99
142.469	98
142.527	97
142.594	96
142.656	95
142.719	94
142.778	93
142.836	95
142.894	97
142.952	96
143.009	97
143.078	99
143.154	101
143.219	100
143.271	101
143.339	102
143.398	104
143.458	105
143.513	104
143.572	105
143.638	104
143.696	106
143.773	105
143.827	104
143.887	105
143.956	104
144.014	106
144.079	105
144.129	104
144.181	103
144.23	102
144.284	101
144.337	100
144.411	102
144.494	101
144.546	100
144.61	99
144.665	98
144.721	97
144.79	96
144.852	97
144.916	98
144.968	100
145.027	99
145.086	101
145.142	100
145.194	99
145.251	100
145.303	99
145.372	98
145.443	97
145.495	99
145.547	100
145.601	99
145.655	98
145.751	98
145.829	99
145.892	98
145.945	99
145.999	98
146.063	100
146.124	99
146.21	98
146.279	100
146.34	102
146.391	104
146.457	106
146.521	105
146.572	107
146.633	108
146.713	107
146.762	107
146.825	109
146.879	108
146.937	107
147.008	106
147.059	105
147.115	107
147.186	106
147.246	105
147.297	104
147.347	106
147.424	107
147.477	106
147.528	108
147.605	110
147.658	109
147.72	108
147.77	107
147.819	108
147.878	109
147.947	109
148	108
148.053	110
148.107	112
148.171	111
148.223	110
148.274	112
148.326	111
148.387	113
148.434	112
148.488	113
148.546	114
148.597	113
148.672	115
148.719	114
148.767	113
148.815	112
148.871	111
148.924	112
148.979	112
149.028	111
149.082	113
149.149	114
149.227	113
149.289	114
149.336	113
149.39	115
149.451	114
149.509	113
149.572	114
149.619	115
149.671	114
149.721	115
149.784	114
149.849	115
149.898	114
149.951	113
149.998	113
150.046	114
150.107	116
150.154	116
150.219	118
150.272	117
150.327	116
150.398	118
150.448	117
150.496	117
150.548	118
150.594	118
150.639	118
150.688	117
150.742	116
150.801	115
150.87	117
150.953	116
151.007	115
151.054	117
151.11	116
151.174	118
151.238	117
151.286	118
151.331	120
151.381	119
151.426	118
151.488	117
151.545	118
151.596	117
151.649	118
151.696	117
151.767	116
151.82	118
151.868	118
151.919	120
151.975	122
152.032	124
152.085	123
152.132	122
152.191	121
152.238	120
152.295	121
152.344	122
152.401	121
152.453	120
152.499	122
152.545	121
152.589	120
152.635	121
152.684	120
152.731	119
152.781	118
152.827	117
152.895	118
152.966	117
153.012	118
153.062	117
153.113	118
153.174	119
153.227	118
153.28	117
153.34	118
153.387	117
153.449	117
153.495	116
153.541	115
153.588	114
153.642	116
153.692	115
153.748	114
153.811	113
153.879	114
153.936	115
153.986	114
154.039	116
154.095	115
154.158	116
154.207	116
154.29	115
154.338	114
154.4	115
154.464	114
154.511	113
154.568	114
154.616	113
154.684	112
154.74	111
154.792	110
154.853	109
154.905	109
154.954	108
155.012	107
155.079	109
155.157	108
155.206	107
155.283	106
155.348	105
155.416	104
155.472	106
155.532	107
155.587	106
155.655	105
155.717	107
155.769	107
155.822	106
155.874	106
155.926	105
155.998	106
156.054	105
156.105	104
156.156	106
156.242	108
156.299	107
156.349	108
156.406	110
156.476	109
156.544	110
156.598	112
156.646	111
156.696	110
156.763	112
156.826	111
156.887	111
156.94	110
156.988	109
157.037	108
157.102	107
157.159	109
157.221	108
157.278	107
157.358	106
157.421	106
157.472	105
157.53	104
157.582	103
157.633	102
157.704	101
157.767	100
157.833	99
157.888	101
157.964	100
158.022	101
158.093	100
158.146	99
158.206	98
158.259	97
158.321	96
158.387	95
158.457	94
158.523	96
158.578	95
158.636	95
158.699	96
158.77	96
158.848	95
158.927	94
159	93
159.063	94
159.132	93
159.187	94
159.241	93
159.301	95
159.358	96
159.411	95
159.502	94
159.596	95
159.662	97
159.756	98
159.826	100
159.892	100
159.988	100
160.044	99
160.102	99
160.163	101
160.22	100
160.285	99
160.341	99
160.393	98
160.484	97
160.548	97
160.605	96
160.665	97
160.718	96
160.771	95
160.825	97
160.903	96
160.964	95
161.017	97
161.074	99
161.128	98
161.182	97
161.246	96
161.302	95
161.362	94
161.431	93
161.484	92
161.546	93
161.6	95
161.673	96
161.761	95
161.832	95
161.893	97
161.95	96
162.01	95
162.088	94
162.142	95
162.206	97
162.27	98
162.344	100
162.421	99
162.479	100
162.542	102
162.596	102
162.65	103
162.712	102
162.775	101
162.828	100
162.914	102
162.975	101
163.032	100
163.094	101
163.181	103
163.238	105
163.298	104
163.411	103
163.484	104
163.543	106
163.609	105
163.663	104
163.716	103
163.767	105
163.827	107
163.911	108
163.962	107
164.016	106
164.078	108
164.134	107
164.184	109
164.239	111
164.287	110
164.357	109
164.408	109
164.457	108
164.524	107
164.591	106
164.642	106
164.693	105
164.757	104
164.816	106
164.869	105
164.929	104
164.995	106
165.053	108
165.135	109
165.184	108
165.267	107
165.319	109
165.376	108
165.428	107
165.541	106
165.593	107
165.654	106
165.719	105
165.78	104
165.847	106
165.904	107
165.975	108
166.042	108
166.13	109
166.195	111
166.26	110
166.375	109
166.432	108
166.485	107
166.536	108
166.585	110
166.644	109
166.694	108
166.743	107
166.805	106
166.856	105
166.915	104
166.97	103
167.02	102
167.072	103
167.13	102
167.185	101
167.245	102
167.302	104
167.356	103
167.427	104
167.497	105
167.554	104
167.604	103
167.664	105
167.72	104
167.794	106
167.853	105
167.913	104
167.973	104
168.037	105
168.094	107
168.191	106
168.244	106
168.304	106
168.364	107
168.415	109
168.466	110
168.52	111
168.572	111
168.62	110
168.677	109
168.73	108
168.785	107
168.842	106
168.898	105
168.953	104
169.006	103
169.057	102
169.113	101
169.173	102
169.236	101
169.292	103
169.345	102
169.403	101
169.455	103
169.524	102
169.584	102
169.648	103
169.699	102
169.757	101
169.811	102
169.92	104
169.97	103
170.024	104
170.094	103
170.156	104
170.208	103
170.271	102
170.326	101
170.378	100
170.431	99
170.495	98
170.559	97
170.619	96
170.684	95
170.757	96
170.814	95
170.875	97
170.943	96
170.996	97
171.051	97
171.107	99
171.16	98
171.218	97
171.278	96
171.364	95
171.432	94
171.489	96
171.545	98
171.616	100
171.704	101
171.774	102
171.831	101
171.912	100
171.98	99
172.035	98
172.088	100
172.166	99
172.218	98
172.316	97
172.386	96
172.446	95
172.518	94
172.574	93
172.631	92
172.688	91
172.762	90
172.835	89
172.901	91
173.017	92
173.072	91
173.134	90
173.191	89
173.258	88
173.36	87
173.428	86
173.486	85
173.55	86
173.623	85
173.693	84
173.757	83
173.824	84
173.882	83
173.943	83
174.025	82
174.097	81
174.159	83
174.229	82
174.294	82
174.38	81
174.445	81
174.515	80
174.583	79
174.647	80
174.708	79
174.775	79
174.836	78
174.942	77
175.011	76
175.085	75
175.168	77
175.258	78
175.362	79
175.451	78
175.534	79
175.596	78
175.661	77
175.733	76
175.801	75
175.873	76
175.937	77
176.02	76
176.087	75
176.157	76
176.22	76
176.308	75
176.379	77
176.45	76
176.517	75
176.624	77
176.735	76
176.803	75
176.869	76
176.939	75
177.019	74
177.114	73
177.186	72
177.284	73
177.355	72
177.42	74
177.488	75
177.568	76
177.636	75
177.722	76
177.795	78
177.861	80
177.922	82
177.988	81
178.06	83
178.126	82
178.191	81
178.268	83
178.368	82
178.478	81
178.554	83
178.633	85
178.719	84
178.794	85
178.899	84
178.962	83
179.028	85
179.109	84
179.177	83
179.237	82
179.301	84
179.362	83
179.429	82
179.51	81
179.576	80
179.646	82
179.711	84
179.785	86
179.855	87
179.915	88
179.973	87
180.043	88
180.122	90
180.202	89
180.263	88
180.364	87
180.422	86
180.493	85
180.56	84
180.64	83
180.704	84
180.811	83
180.884	83
180.944	85
181.031	85
181.132	87
181.203	89
181.26	88
181.317	90
181.38	92
181.441	91
181.504	92
181.56	94
181.614	93
181.679	95
181.737	94
181.791	95
181.851	97
181.91	96
181.966	97
182.043	96
182.127	95
182.197	94
182.269	96
182.325	98
182.4	97
182.458	96
182.515	96
182.609	98
182.663	97
182.73	96
182.804	95
182.857	97
182.967	98
183.031	99
183.095	101
183.153	101
183.207	100
183.278	101
183.337	100
183.415	99
183.474	100
183.539	99
183.598	101
183.671	102
183.725	101
183.787	100
183.848	99
183.905	101
183.967	100
184.034	101
184.092	100
184.149	102
184.228	102
184.288	104
184.362	103
184.413	102
184.479	103
184.543	102
184.603	103
184.654	104
184.717	103
184.781	102
184.833	101
184.905	103
184.964	102
185.021	104
185.075	103
185.135	102
185.196	101
185.249	103
185.343	104
185.397	103
185.464	102
185.517	101
185.598	100
185.699	101
185.762	100
185.823	99
185.888	98
185.962	97
186.017	96
186.073	97
186.128	96
186.202	96
186.261	95
186.318	97
186.378	96
186.432	95
186.5	94
186.57	93
186.639	92
186.698	91
186.755	90
186.814	91
186.874	93
186.931	94
186.993	95
187.056	96
187.124	95
187.179	94
187.255	95
187.353	94
187.41	95
187.465	96
187.52	98
187.573	97
187.639	96
187.704	95
187.761	94
187.831	93
187.886	92
187.968	94
188.023	93
188.11	92
188.171	91
188.226	90
188.287	89
188.352	91
188.434	91
188.489	92
188.557	91
188.613	92
188.685	91
188.757	90
188.815	92
188.871	91
188.929	92
188.986	91
189.045	92
189.101	94
189.192	93
189.255	94
189.309	93
189.364	94
189.418	96
189.509	95
189.58	94
189.645	93
189.732	92
189.791	91
189.848	93
189.909	95
189.97	95
190.027	94
190.096	95
190.153	94
190.251	93
190.311	95
190.4	94
190.483	93
190.54	92
190.606	93
190.664	95
190.718	96
190.793	96
190.845	98
190.9	97
190.985	96
191.04	97
191.096	99
191.152	98
191.208	100
191.273	101
191.357	103
191.408	104
191.467	103
191.519	102
191.577	104
191.634	103
191.686	102
191.74	103
191.799	102
191.85	103
191.903	102
191.956	101
192.008	100
192.079	102
192.142	104
192.198	103
192.267	105
192.338	106
192.395	108
192.444	110
192.516	111
192.565	110
192.627	112
192.681	111
192.736	112
192.79	113
192.847	114
192.906	113
192.954	112
193.007	111
193.056	110
193.106	109
193.161	109
193.225	111
193.276	112
193.324	112
193.379	114
193.429	114
193.505	116
193.553	117
193.606	116
193.67	117
193.74	116
193.813	115
193.86	114
193.918	113
193.965	113
194.016	112
194.072	114
194.128	115
194.179	116
194.233	116
194.286	115
194.333	114
194.387	115
194.438	115
194.49	114
194.58	113
194.63	114
194.678	113
194.737	115
194.786	114
194.834	113
194.888	112
194.989	113
195.05	112
195.103	111
195.172	110
195.223	111
195.272	110
195.341	111
195.398	110
195.449	109
195.502	108
195.552	110
195.61	109
195.659	108
195.724	107
195.78	106
195.831	105
195.901	104
195.968	103
196.024	104
196.083	103
196.143	103
196.205	103
196.289	102
196.358	101
196.426	100
196.484	99
196.541	98
196.596	97
196.65	96
196.715	95
196.792	94
196.85	93
196.913	95
196.977	94
197.034	95
197.097	94
197.165	93
197.241	92
197.298	91
197.375	90
197.443	91
197.554	90
197.646	91
197.704	92
197.797	91
197.854	92
197.917	91
197.982	90
198.041	91
198.122	90
198.193	90
198.29	89
198.349	88
198.426	88
198.487	90
198.553	89
198.631	88
198.699	87
198.768	88
198.845	87
198.912	86
198.978	87
199.072	89
199.13	88
199.206	90
199.273	92
199.348	94
199.413	95
199.504	94
199.577	93
199.632	93
199.694	92
199.764	91
199.853	91
199.944	93
200.02	93
200.094	92
200.149	91
200.221	90
200.312	91
200.373	90
200.438	92
200.496	91
200.569	90
200.639	89
200.699	88
200.766	87
200.836	89
200.898	91
200.966	93
201.029	92
201.084	91
201.139	90
201.203	91
201.261	92
201.316	91
201.373	90
201.441	91
201.514	91
201.572	90
201.628	91
201.725	92
201.781	94
201.837	93
201.899	92
201.964	92
202.03	91
202.092	90
202.171	89
202.238	89
202.313	91
202.38	90
202.439	92
202.539	91
202.602	90
202.672	92
202.731	92
202.79	91
202.848	90
202.91	91
202.989	90
203.054	91
203.185	93
203.243	92
203.308	92
203.369	93
203.433	94
203.499	93
203.559	92
203.631	91
203.701	90
203.76	89
203.824	88
203.897	87
203.975	88
204.04	90
204.117	89
204.188	88
204.262	87
204.386	88
204.443	87
204.515	89
204.584	88
204.644	90
204.748	91
204.811	93
204.866	92
204.93	91
205.008	90
205.066	89
205.153	91
205.211	93
205.274	95
205.333	94
205.405	95
205.467	94
205.526	93
205.582	95
205.638	94
205.698	93
205.769	95
205.834	94
205.903	93
205.957	92
206.069	94
206.141	95
206.196	94
206.256	93
206.313	92
206.392	92
206.45	91
206.507	90
206.576	91
206.631	92
206.69	94
206.774	96
206.836	96
206.899	95
206.955	97
207.011	99
207.082	98
207.137	98
207.194	97
207.259	98
207.313	99
207.379	99
207.433	98
207.485	100
207.549	102
207.6	104
207.658	106
207.71	107
207.763	109
207.812	108
207.866	107
207.921	106
207.992	105
208.044	104
208.106	105
208.161	104
208.216	105
208.286	105
208.362	104
208.417	105
208.474	104
208.532	103
208.596	102
208.662	101
208.719	100
208.807	99
208.864	98
208.955	97
209.016	99
209.108	98
209.171	97
209.229	99
209.308	98
209.374	100
209.426	99
209.496	98
209.555	98
209.616	97
209.677	99
209.792	98
209.882	97
209.936	98
209.989	97
210.042	96
210.123	95
210.177	94
210.236	95
210.296	94
210.352	95
210.415	97
210.476	96
210.535	95
210.592	97
210.652	98
210.74	97
210.801	96
210.88	95
210.946	94
211	96
211.054	95
211.108	94
211.162	93
211.233	92
211.306	91
211.361	90
211.421	92
211.502	92
211.573	91
211.632	92
211.696	94
211.76	96
211.822	97
211.882	98
211.937	97
212.029	96
212.086	95
212.151	94
212.217	95
212.289	94
212.348	95
212.43	94
212.487	93
212.549	92
212.62	91
212.684	90
212.744	92
212.837	94
212.924	96
212.981	98
213.038	97
213.102	96
213.167	95
213.238	94
213.343	96
213.399	96
213.46	95
213.523	96
213.576	95
213.641	94
213.7	96
213.779	95
213.849	94
213.952	95
214.021	95
214.086	96
214.154	96
214.211	95
214.266	94
214.328	93
214.399	92
214.46	91
214.536	93
214.597	92
214.656	93
214.714	95
214.808	96
214.865	95
214.926	97
214.993	96
215.066	95
215.139	94
215.221	93
215.282	95
215.342	94
215.406	93
215.468	92
215.535	91
215.605	90
215.67	89
215.728	88
215.828	87
215.905	88
215.964	88
216.034	90
216.093	89
216.159	90
216.235	89
216.301	88
216.385	87
216.442	86
216.512	88
216.58	90
216.641	89
216.707	89
216.789	91
216.861	90
216.928	92
217.021	93
217.091	94
217.153	93
217.213	93
217.273	92
217.342	91
217.405	90
217.47	89
217.57	88
217.628	87
217.685	86
217.762	85
217.826	84
217.891	86
217.964	88
218.031	87
218.094	86
218.154	85
218.212	87
218.273	88
218.33	87
218.449	86
218.506	88
218.564	87
218.629	86
218.695	85
218.763	84
218.825	86
218.886	85
218.955	87
219.014	89
219.1	91
219.172	90
219.248	89
219.318	88
219.384	87
219.462	86
219.521	85
219.604	84
219.691	83
219.826	85
219.914	87
219.99	89
220.112	88
220.169	90
220.259	89
220.334	88
220.436	89
220.5	88
220.563	89
220.657	90
220.717	91
220.777	93
220.836	92
220.895	91
220.96	90
221.025	92
221.11	94
221.201	93
221.28	92
221.37	92
221.441	91
221.519	90
221.582	91
221.659	92
221.713	93
221.78	92
221.866	91
221.923	92
221.979	91
222.071	90
222.133	89
222.189	88
222.251	87
222.334	86
222.393	85
222.454	87
222.54	86
222.6	88
222.686	87
222.759	88
222.815	89
222.892	88
222.95	90
223.025	89
223.087	90
223.15	89
223.218	88
223.287	87
223.384	86
223.441	85
223.527	86
223.585	88
223.668	89
223.724	88
223.783	88
223.86	87
223.934	89
223.99	88
224.049	87
224.107	88
224.164	87
224.227	86
224.306	85
224.396	84
224.476	83
224.536	82
224.601	84
224.661	83
224.731	85
224.807	84
224.867	83
224.934	82
224.992	81
225.054	80
225.121	79
225.185	80
225.263	80
225.367	79
225.438	78
225.52	77
225.628	76
225.719	75
225.802	74
225.883	73
225.948	72
226.015	73
226.088	72
226.153	71
226.219	70
226.298	69
226.427	68
226.505	70
226.576	72
226.642	71
226.743	72
226.817	74
226.894	76
226.96	75
227.067	76
227.148	78
227.214	77
227.308	79
227.381	80
227.459	79
227.571	81
227.646	82
227.707	83
227.794	85
227.867	87
227.928	86
227.993	88
228.062	87
228.133	86
228.207	85
228.268	86
228.332	85
228.403	84
228.464	86
228.55	88
228.625	89
228.687	91
228.744	92
228.799	94
228.87	95
228.943	94
229.014	95
229.079	94
229.138	93
229.194	92
229.259	94
229.316	95
229.417	94
229.471	96
229.53	97
229.606	98
229.677	97
229.734	96
229.802	95
229.863	94
229.945	93
230.005	94
230.069	93
230.129	92
230.185	93
230.241	95
230.308	97
230.392	99
230.46	98
230.527	97
230.591	98
230.649	97
230.704	99
230.776	98
230.85	97
230.917	96
230.993	95
231.051	94
231.119	93
231.181	92
231.253	93
231.325	92
231.385	94
231.441	93
231.509	94
231.597	95
231.668	94
231.735	95
231.824	97
231.879	99
231.935	98
231.992	99
232.048	98
232.102	97
232.171	96
232.233	95
232.291	94
232.357	93
232.417	92
232.488	91
232.571	90
232.63	92
232.697	93
232.767	92
232.847	93
232.903	94
232.965	93
233.024	95
233.078	94
233.134	94
233.193	93
233.265	93
233.321	94
233.381	93
233.438	94
233.495	93
233.562	92
233.619	91
233.684	90
233.75	89
233.822	91
233.892	90
233.956	89
234.022	90
234.081	92
234.14	91
234.198	93
234.254	94
234.318	93
234.376	92
234.454	93
234.52	92
234.591	91
234.673	90
234.754	89
234.821	88
234.913	90
234.975	92
235.044	93
235.122	92
235.188	91
235.264	90
235.331	89
235.39	88
235.453	87
235.524	86
235.582	85
235.642	84
235.701	83
235.763	82
235.842	81
235.925	82
236.007	81
236.083	80
236.174	81
236.237	83
236.298	84
236.387	83
236.451	82
236.511	81
236.572	80
236.695	79
236.798	78
236.862	77
236.963	76
237.031	75
237.109	75
237.173	77
237.246	76
237.311	77
237.376	76
237.446	76
237.513	78
237.585	77
237.65	76
237.715	76
237.869	75
237.939	74
238.016	75
238.096	77
238.177	76
238.24	75
238.316	74
238.408	73
238.486	72
238.56	71
238.652	70
238.742	69
238.812	70
238.888	69
238.971	69
239.043	68
239.124	67
239.199	66
239.276	68
239.351	69
239.419	68
239.503	67
239.576	66
239.656	65
239.73	64
239.803	63
239.93	62
240.05	64
240.128	66
240.226	65
240.312	66
240.387	68
240.46	67
240.531	66
240.608	65
240.685	66
240.756	68
240.838	67
240.909	66
241.014	65
241.094	65
241.168	67
241.248	69
241.321	68
241.395	67
241.493	66
241.567	66
241.644	65
241.717	64
241.808	63
241.887	62
241.961	64
242.033	65
242.106	66
242.19	65
242.27	67
242.369	69
242.473	68
242.585	70
242.656	69
242.73	70
242.816	71
242.933	70
243.006	69
243.119	68
243.197	70
243.275	69
243.359	71
243.435	70
243.506	72
243.603	71
243.718	73
243.785	72
243.858	71
243.929	70
244	69
244.077	70
244.161	69
244.231	68
244.366	67
244.492	66
244.612	65
244.705	67
244.785	66
244.857	65
244.933	64
245.013	64
245.096	66
245.202	65
245.291	66
245.391	65
245.471	64
245.567	65
245.666	66
245.745	65
245.846	66
245.919	65
245.994	64
246.089	65
246.182	64
246.266	63
246.372	65
246.447	64
246.529	65
246.613	64
246.702	63
246.777	62
246.866	61
246.963	60
247.054	59
247.14	58
247.218	57
247.314	56
247.416	55
247.511	54
247.605	53
247.691	52
247.786	51
247.894	53
247.979	55
248.063	57
248.142	56
248.235	57
248.328	58
248.434	60
248.516	59
248.604	58
248.704	60
248.831	59
248.922	60
249.01	59
249.093	61
249.173	62
249.248	61
249.37	63
249.444	65
249.572	67
249.658	67
249.735	66
249.819	68
249.921	70
250.046	69
250.138	68
250.223	70
250.314	72
250.384	73
250.474	72
250.551	74
250.624	73
250.692	75
250.76	74
250.828	76
250.909	75
250.99	74
251.108	76
251.178	78
251.264	80
251.34	79
251.421	81
251.488	80
251.585	82
251.65	83
251.735	82
251.804	81
251.871	80
251.944	79
252.01	78
252.091	77
252.208	78
252.284	77
252.355	76
252.439	75
252.515	74
252.581	73
252.65	74
252.715	73
252.787	74
252.904	75
252.996	74
253.074	74
253.14	73
253.207	74
253.275	76
253.34	75
253.423	74
253.487	73
253.557	72
253.623	72
253.691	71
253.8	70
253.88	69
253.949	71
254.055	70
254.166	71
254.232	73
254.297	72
254.367	71
254.489	70
254.558	69
254.625	71
254.721	70
254.794	69
254.888	68
254.99	70
255.093	69
255.174	70
255.257	71
255.347	70
255.434	71
255.535	70
255.603	71
255.676	73
255.74	72
255.807	74
255.875	75
255.963	76
256.035	78
256.112	77
256.2	76
256.265	78
256.36	80
256.458	79
256.523	80
256.584	79
256.649	78
256.716	77
256.792	76
256.868	75
256.948	74
257.02	76
257.093	75
257.156	76
257.255	75
257.332	77
257.393	76
257.47	77
257.542	76
257.622	78
257.686	77
257.762	79
257.828	78
257.896	80
257.958	81
258.018	82
258.106	84
258.179	83
258.238	82
258.297	82
258.401	84
258.469	85
258.552	86
258.618	85
258.68	84
258.747	85
258.811	86
258.883	88
258.941	90
258.997	89
259.055	90
259.118	89
259.177	90
259.24	89
259.321	90
259.377	89
259.437	88
259.495	90
259.554	89
259.618	91
259.673	93
259.741	94
259.805	93
259.866	95
259.928	97
260.031	96
260.103	95
260.16	94
260.244	96
260.337	95
260.391	96
260.445	95
260.512	96
260.575	95
260.63	94
260.69	93
260.754	95
260.865	94
260.933	96
260.99	95
261.052	94
261.108	93
261.162	92
261.217	93
261.284	92
261.338	91
261.402	90
261.457	91
261.513	90
261.598	89
261.678	88
261.752	89
261.817	90
261.872	92
261.928	91
261.988	93
262.044	94
262.155	93
262.219	95
262.276	96
262.331	95
262.393	95
262.448	96
262.502	95
262.57	97
262.624	96
262.693	95
262.757	97
262.81	96
262.883	95
262.959	96
263.066	97
263.128	99
263.194	98
263.261	99
263.32	98
263.373	97
263.477	96
263.586	98
263.643	97
263.712	99
263.765	101
263.828	102
263.937	103
263.996	102
264.047	103
264.104	102
264.164	104
264.219	103
264.289	102
264.351	101
264.405	102
264.46	101
264.53	102
264.606	101
264.673	102
264.73	101
264.805	103
264.857	102
264.934	103
265.016	102
265.072	103
265.124	102
265.178	101
265.229	100
265.293	100
265.354	102
265.42	101
265.477	101
265.533	100
265.587	102
265.651	102
265.708	101
265.76	102
265.837	101
265.889	100
265.944	101
266.017	100
266.068	101
266.121	100
266.19	102
266.244	104
266.296	103
266.351	104
266.417	103
266.483	105
266.535	104
266.593	106
266.654	105
266.711	104
266.763	106
266.828	107
266.877	106
266.933	105
266.987	104
267.067	105
267.122	104
267.176	103
267.236	102
267.292	101
267.359	100
267.421	99
267.487	98
267.543	100
267.617	100
267.693	99
267.754	98
267.826	97
267.896	96
267.963	97
268.026	99
268.092	98
268.158	98
268.216	97
268.271	99
268.329	100
268.384	99
268.444	101
268.501	100
268.579	102
268.638	103
268.702	104
268.784	103
268.838	102
268.895	104
268.945	105
269.011	104
269.064	103
269.142	102
269.193	103
269.273	102
269.33	101
269.382	100
269.464	99
269.533	98
269.589	99
269.652	98
269.709	97
269.78	98
269.868	97
269.929	96
269.999	95
270.059	94
270.12	93
270.196	95
270.261	94
270.333	93
270.389	92
270.449	91
270.515	90
270.574	90
270.637	92
270.701	91
270.767	92
270.826	91
270.885	90
270.943	92
271.023	91
271.1	92
271.181	91
271.265	90
271.329	89
271.405	88
271.463	87
271.525	86
271.586	85
271.651	84
271.719	83
271.779	83
271.873	82
271.938	81
272.029	83
272.103	82
272.172	81
272.235	83
272.302	84
272.381	83
272.452	85
272.519	84
272.589	83
272.65	85
272.721	84
272.785	83
272.889	83
272.959	82
273.038	81
273.101	81
273.177	80
273.244	79
273.318	78
273.387	80
273.459	81
273.527	83
273.63	82
273.69	84
273.751	83
273.813	82
273.902	81
273.965	80
274.027	79
274.101	78
274.174	80
274.289	79
274.36	78
274.434	80
274.496	79
274.563	78
274.656	77
274.729	79
274.799	78
274.888	80
274.981	79
275.048	81
275.148	81
275.215	82
275.307	81
275.378	80
275.462	79
275.532	80
275.602	79
275.666	81
275.732	83
275.808	82
275.872	84
275.94	83
276.015	82
276.082	81
276.148	80
276.223	82
276.284	81
276.372	83
276.455	85
276.529	87
276.592	86
276.685	85
276.745	87
276.817	88
276.876	87
276.934	88
277	89
277.071	91
277.129	90
277.192	89
277.26	88
277.327	87
277.416	88
277.492	87
277.579	87
277.639	86
277.701	85
277.783	87
277.847	86
277.906	87
277.965	86
278.069	85
278.141	85
278.217	84
278.314	85
278.373	85
278.461	84
278.539	83
278.6	82
278.665	81
278.747	80
278.825	79
278.895	81
278.966	82
279.067	83
279.13	82
279.191	83
279.25	84
279.315	83
279.385	82
279.446	82
279.505	81
279.575	83
279.635	85
279.698	85
279.76	86
279.834	87
279.926	86
279.985	87
280.046	89
280.114	91
280.183	93
280.238	92
280.301	91
280.363	93
280.418	94
280.479	93
280.535	95
280.594	94
280.653	93
280.717	94
280.775	96
280.847	95
280.913	94
280.977	96
281.046	95
281.117	97
281.179	96
281.238	95
281.294	94
281.364	96
281.426	96
281.481	95
281.547	97
281.606	98
281.663	99
281.738	98
281.795	97
281.85	96
281.913	95
281.979	94
282.077	93
282.134	95
282.189	96
282.266	95
282.322	97
282.392	98
282.452	97
282.513	98
282.57	98
282.672	97
282.728	99
282.783	98
282.84	99
282.907	98
282.976	97
283.032	96
283.086	98
283.166	100
283.261	99
283.336	98
283.397	99
283.451	98
283.517	97
283.593	99
283.645	98
283.717	100
283.79	99
283.858	98
283.916	100
283.977	101
284.046	100
284.126	99
284.181	100
284.243	101
284.315	100
284.397	99
284.465	100
284.521	99
284.576	100
284.644	99
284.703	98
284.771	97
284.834	96
284.899	95
284.961	94
285.04	96
285.097	95
285.202	97
285.256	96
285.334	95
285.408	96
285.479	97
285.538	96
285.595	95
285.661	97
285.717	96
285.798	95
285.872	96
285.938	95
286.008	96
286.066	95
286.139	94
286.203	96
286.26	95
286.321	94
286.407	93
286.474	92
286.539	93
286.594	94
286.656	93
286.748	93
286.809	92
286.878	92
286.96	94
287.019	96
287.129	95
287.195	94
287.262	93
287.322	92
287.389	93
287.449	94
287.505	93
287.576	94
287.633	96
287.719	95
287.783	94
287.846	93
287.938	92
287.994	91
288.053	90
288.115	92
288.178	91
288.234	90
288.3	89
288.36	88
288.426	87
288.493	88
288.556	90
288.616	90
288.676	91
288.776	92
288.834	92
288.905	91
288.962	90
289.032	92
289.092	93
289.151	93
289.214	92
289.281	93
289.364	92
289.422	91
289.489	90
289.552	91
289.622	90
289.682	89
289.754	91
289.824	90
289.886	89
289.961	88
290.03	87
290.107	88
290.167	87
290.243	89
290.316	88
290.379	87
290.452	86
290.514	87
290.591	86
290.666	85
290.729	84
290.793	85
290.874	86
290.94	85
291.001	84
291.065	86
291.132	85
291.234	87
291.294	88
291.379	89
291.468	88
291.537	88
291.608	87
291.689	86
291.765	85
291.826	85
291.897	87
291.961	86
292.019	87
292.105	88
292.167	87
292.236	89
292.293	90
292.396	89
292.462	88
292.519	87
292.579	89
292.637	88
292.734	89
292.801	91
292.862	90
292.936	89
293.013	90
293.093	90
293.151	89
293.21	91
293.271	93
293.329	95
293.395	94
293.457	93
293.515	95
293.569	96
293.637	95
293.715	97
293.783	99
293.848	101
293.901	100
293.974	99
294.027	98
294.087	97
294.149	98
294.202	97
294.259	97
294.312	98
294.386	97
294.484	96
294.569	96
294.622	95
294.688	97
294.766	98
294.82	97
294.894	99
294.955	98
295.049	97
295.102	99
295.166	98
295.244	99
295.298	98
295.369	100
295.447	99
295.51	98
295.568	100
295.643	101
295.72	101
295.786	102
295.858	101
295.915	103
295.992	104
296.058	106
296.126	105
296.186	105
296.241	107
296.3	106
296.361	105
296.42	104
296.472	103
296.531	102
296.582	101
296.634	103
296.688	102
296.751	101
296.814	100
296.882	99
296.943	98
297.01	100
297.065	99
297.124	98
297.211	97
297.275	96
297.337	95
297.391	94
297.45	93
297.508	92
297.57	91
297.638	93
297.694	93
297.772	92
297.834	93
297.921	92
297.99	91
298.052	92
298.109	91
298.172	90
298.236	89
298.313	88
298.407	87
298.476	88
298.541	87
298.614	89
298.673	88
298.76	87
298.83	86
298.897	85
298.961	84
299.023	83
299.094	82
299.17	81
299.283	83
299.346	85
299.41	86
299.533	87
299.617	86
299.683	88
299.744	87
299.83	88
299.891	87
299.959	86
300.021	85
300.094	84
300.164	83
300.226	82
300.299	81
300.368	80
300.444	79
300.522	78
300.624	78
300.714	78
300.78	77
300.852	76
300.939	75
301.006	74
301.074	73
301.144	74
301.225	73
301.33	72
301.42	72
301.516	71
301.609	71
301.688	70
301.763	72
301.861	71
301.955	70
302.068	69
302.153	68
302.226	70
302.313	69
302.487	68
302.573	67
302.667	66
302.794	67
302.894	66
302.997	68
303.1	67
303.213	68
303.293	67
303.373	66
303.452	65
303.529	65
303.61	64
303.704	63
303.791	65
303.865	65
303.943	67
304.046	68
304.12	67
304.254	66
304.38	68
304.462	67
304.544	66
304.619	65
304.697	67
304.788	69
304.896	70
304.971	69
305.086	68
305.184	70
305.268	69
305.411	68
305.546	67
305.619	68
305.699	67
305.774	68
305.847	70
305.95	72
306.054	71
306.126	73
306.249	75
306.381	74
306.449	75
306.518	74
306.607	73
306.711	72
306.805	74
306.898	73
306.968	72
307.06	74
307.141	73
307.223	74
307.318	73
307.4	73
307.468	72
307.545	71
307.647	70
307.726	69
307.809	71
307.939	72
308.02	71
308.092	70
308.197	69
308.284	68
308.37	68
308.451	67
308.55	66
308.624	67
308.725	69
308.871	71
308.945	71
309.031	70
309.12	69
309.197	68
309.28	69
309.355	68
309.443	67
309.532	68
309.627	68
309.722	68
309.806	67
309.88	66
309.986	65
310.067	66
310.167	65
310.289	64
310.369	66
310.457	68
310.532	70
310.603	72
310.685	74
310.791	75
310.866	74
310.973	75
311.045	77
311.12	77
311.186	78
311.282	80
311.353	79
311.438	78
311.505	77
311.569	76
311.634	75
311.711	77
311.784	76
311.862	75
311.94	77
312.01	76
312.079	77
312.153	76
312.234	78
312.316	77
312.399	76
312.468	75
312.539	77
312.615	79
312.678	80
312.742	79
312.851	80
312.924	79
312.987	78
313.082	78
313.146	77
313.209	78
313.285	80
313.354	79
313.421	78
313.485	77
313.579	76
313.672	77
313.738	79
313.809	80
313.872	82
313.945	81
314.016	82
314.081	81
314.156	83
314.221	85
314.287	84
314.348	84
314.415	86
314.482	85
314.581	84
314.643	83
314.725	82
314.8	83
314.867	82
314.932	83
314.994	82
315.083	84
315.162	83
315.224	82
315.289	81
315.364	80
315.435	79
315.506	78
315.631	80
315.748	79
315.821	80
315.886	79
315.953	80
316.035	82
316.132	82
316.201	81
316.287	81
316.369	82
316.431	81
316.5	80
316.572	79
316.642	81
316.706	80
316.777	79
316.854	81
316.936	80
317.016	79
317.096	78
317.174	77
317.24	76
317.328	75
317.422	74
317.555	73
317.629	72
317.72	71
317.794	70
317.866	69
317.952	71
318.019	72
318.089	72
318.161	71
318.233	70
318.323	69
318.399	68
318.472	69
318.541	68
318.625	69
318.696	71
318.767	70
318.852	71
318.941	70
319.022	69
319.091	71
319.171	73
319.241	75
319.313	76
319.38	77
319.447	76
319.528	75
319.599	76
319.665	77
319.727	76
319.823	75
319.895	75
319.964	74
320.028	75
320.103	74
320.176	73
320.293	74
320.365	73
320.446	74
320.518	76
320.595	76
320.666	75
320.729	76
320.8	75
320.903	74
320.971	74
321.12	76
321.208	75
321.28	76
321.373	75
321.463	74
321.541	74
321.633	73
321.699	72
321.766	71
321.85	70
321.936	71
322.043	73
322.11	75
322.183	77
322.271	79
322.343	78
322.435	77
322.534	76
322.6	75
322.687	74
322.783	76
322.847	77
322.933	77
323.022	76
323.088	77
323.153	76
323.217	75
323.286	74
323.36	73
323.43	72
323.513	74
323.579	73
323.66	72
323.74	71
323.806	73
323.916	72
324.062	73
324.141	72
324.208	71
324.29	70
324.377	71
324.446	72
324.527	71
324.609	70
324.691	69
324.772	69
324.844	68
324.926	70
325.015	71
325.085	72
325.171	71
325.246	73
325.317	75
325.383	76
325.449	75
325.522	74
325.601	73
325.666	72
325.746	71
325.814	70
325.917	69
326.039	68
326.111	67
326.189	66
326.292	65
326.398	64
326.484	63
326.56	62
326.654	64
326.743	63
326.834	64
326.914	63
327.035	62
327.126	64
327.208	66
327.33	65
327.411	64
327.483	65
327.577	64
327.655	63
327.736	62
327.839	61
327.922	60
328.003	62
328.094	61
328.168	62
328.257	61
328.377	62
328.479	63
328.553	65
328.64	64
328.712	66
328.791	65
328.87	64
328.953	66
329.026	67
329.109	66
329.179	65
329.273	64
329.353	66
329.423	67
329.494	66
329.57	65
329.703	64
329.798	65
329.894	64
329.971	63
330.065	62
330.138	61
330.237	61
330.321	60
330.425	59
330.53	58
330.616	59
330.692	61
330.778	63
330.861	65
330.934	64
331.009	63
331.1	62
331.245	63
331.333	65
331.403	67
331.477	66
331.567	67
331.649	69
331.742	68
331.818	67
331.904	69
331.985	68
332.065	69
332.149	68
332.219	69
332.288	70
332.361	69
332.441	70
332.522	69
332.592	69
332.673	68
332.746	67
332.824	66
332.909	65
333.002	64
333.112	65
333.202	66
333.289	68
333.36	67
333.43	68
333.538	67
333.637	66
333.708	65
333.796	66
333.882	65
333.994	66
334.071	65
334.145	64
334.222	66
334.299	65
334.378	67
334.459	69
334.534	68
334.61	67
334.692	66
334.771	68
334.841	67
334.921	68
334.997	67
335.067	66
335.16	65
335.235	64
335.325	63
335.413	65
335.487	64
335.587	63
335.689	62
335.764	61
335.846	62
335.928	62
336.023	62
336.108	64
336.195	63
336.274	65
336.359	67
336.473	68
336.542	67
336.62	66
336.7	65
336.782	64
336.872	65
336.951	64
337.035	63
337.111	62
337.187	63
337.275	62
337.378	61
337.461	60
337.55	59
337.657	58
337.806	57
337.89	56
337.998	55
338.084	57
338.167	56
338.256	57
338.372	56
338.462	55
338.548	54
338.667	53
338.758	52
338.845	54
338.93	53
339.017	52
339.111	53
339.198	52
339.331	52
339.422	54
339.533	53
339.695	52
339.817	51
339.912	50
339.999	52
340.095	51
340.186	53
340.282	55
340.365	54
340.469	53
340.568	52
340.665	53
340.762	52
340.848	51
340.936	50
341.036	49
341.181	48
341.295	47
341.395	49
341.49	49
341.586	48
341.698	47
341.791	49
341.916	48
342.071	49
342.225	48
342.364	47
342.46	46
342.558	45
342.69	47
342.785	46
342.889	48
342.995	49
343.096	50
343.197	51
343.3	50
343.391	51
343.48	52
343.606	52
343.694	54
343.786	53
343.887	54
343.985	53
344.119	52
344.209	53
344.311	52
344.407	54
344.563	53
344.693	52
344.806	51
344.91	50
345.038	52
345.132	53
345.217	52
345.313	51
345.414	50
345.509	49
345.6	50
345.696	49
345.805	51
345.954	50
346.055	49
346.147	48
346.282	47
346.414	48
346.515	47
346.668	48
346.77	48
346.897	47
347.048	48
347.186	47
347.28	49
347.374	48
347.465	50
347.558	52
347.657	51
347.743	53
347.826	55
347.949	54
348.036	55
348.126	57
348.205	56
348.289	57
348.393	58
348.474	57
348.561	57
348.651	56
348.758	57
348.842	56
348.937	55
349.036	57
349.117	56
349.22	58
349.302	57
349.395	56
349.475	55
349.561	54
349.66	53
349.768	55
349.859	54
349.95	53
350.048	52
350.149	51
350.251	50
350.373	49
350.464	51
350.552	52
350.656	51
350.754	50
350.842	52
350.939	51
351.081	50
351.169	52
351.27	54
351.354	55
351.496	54
351.582	56
351.798	55
351.892	54
351.984	55
352.121	54
352.262	53
352.352	52
352.448	52
352.539	51
352.634	53
352.752	55
352.863	56
352.983	57
353.062	58
353.157	59
353.236	58
353.32	57
353.409	58
353.501	57
353.625	59
353.749	61
353.85	61
353.927	60
354.009	62
354.133	63
354.213	65
354.288	64
354.372	63
354.453	62
354.529	64
354.615	63
354.704	64
354.777	63
354.88	65
354.968	64
355.05	65
355.124	67
355.276	68
355.359	69
355.455	71
355.529	70
355.623	69
355.702	68
355.778	67
355.852	68
355.931	67
356.003	68
356.099	70
356.176	69
356.25	68
356.342	67
356.421	66
356.55	65
356.633	67
356.729	69
356.889	68
356.965	69
357.075	70
357.146	69
357.217	69
357.329	70
357.412	69
357.489	71
357.573	70
357.644	69
357.716	68
357.79	67
357.862	68
357.931	67
358.018	66
358.145	68
358.221	67
358.294	69
358.368	70
358.443	69
358.519	68
358.618	67
358.69	66
358.762	68
358.837	67
358.91	66
359.006	68
359.082	67
359.172	68
359.249	67
359.335	68
359.41	69
359.494	68
359.606	69
359.714	68
359.783	67
359.854	66
359.952	67
360.041	66
360.12	65
360.2	64
360.285	66
360.365	68
360.436	67
360.507	69
360.579	69
360.669	68
360.748	67
360.823	68
360.894	70
360.979	69
361.059	71
361.125	71
361.192	70
361.267	69
361.341	70
361.409	71
361.475	73
361.549	72
361.619	71
361.688	72
361.771	71
361.86	72
361.926	74
361.99	73
362.056	75
362.131	74
362.203	76
362.285	78
362.353	77
362.433	77
362.539	76
362.613	75
362.702	74
362.77	73
362.855	72
362.92	73
362.995	74
363.077	73
363.154	72
363.241	71
363.326	70
363.422	69
363.512	68
363.582	67
363.668	67
363.764	66
363.841	65
363.915	64
363.988	63
364.068	64
364.149	65
364.238	64
364.333	63
364.452	62
364.536	61
364.638	60
364.742	62
364.847	61
364.949	62
365.042	61
365.116	63
365.197	62
365.326	61
365.408	61
365.511	62
365.625	61
365.699	60
365.784	59
365.894	61
365.989	60
366.145	61
366.243	60
366.318	62
366.395	64
366.478	64
366.558	66
366.632	65
366.713	64
366.788	65
366.884	64
366.966	63
367.039	62
367.119	64
367.227	63
367.321	64
367.402	63
367.477	64
367.552	63
367.649	62
367.721	61
367.833	63
367.914	62
368.009	64
368.09	65
368.163	64
368.268	65
368.344	67
368.425	66
368.5	68
368.578	68
368.659	67
368.74	66
368.819	68
368.928	67
369.024	66
369.095	65
369.207	67
369.282	66
369.354	65
369.44	66
369.521	65
369.619	66
369.694	68
369.797	67
369.869	66
369.94	65
370.039	64
370.123	63
370.244	64
370.321	66
370.402	65
370.491	66
370.564	68
370.642	68
370.713	67
370.789	69
370.871	68
370.94	70
371.029	71
371.113	72
371.198	71
371.269	73
371.341	74
371.421	73
371.495	72
371.588	71
371.669	73
371.744	75
371.815	76
371.886	75
371.955	75
372.019	76
372.103	75
372.179	74
372.248	75
372.314	76
372.386	77
372.464	78
372.545	79
372.62	78
372.696	77
372.766	79
372.836	80
372.932	79
372.994	80
373.06	81
373.12	83
373.188	82
373.258	81
373.326	80
373.389	81
373.454	80
373.517	81
373.578	82
373.644	81
373.72	80
373.79	81
373.87	80
373.932	82
373.998	81
374.063	80
374.124	79
374.19	81
374.26	80
374.33	82
374.39	81
374.45	83
374.605	84
374.666	83
374.734	85
374.791	86
374.869	88
374.946	89
375.019	90
375.079	90
375.136	89
375.193	89
375.255	91
375.336	90
375.435	89
375.535	89
375.611	88
375.698	90
375.759	89
375.827	88
375.884	87
375.958	86
376.015	85
376.077	84
376.208	83
376.272	82
376.349	81
376.414	80
376.484	79
376.563	78
376.624	77
376.701	76
376.764	75
376.828	74
376.949	75
377.027	76
377.091	78
377.154	77
377.218	78
377.292	77
377.356	79
377.437	78
377.523	77
377.625	78
377.69	80
377.757	81
377.843	83
377.906	85
377.964	86
378.034	85
378.11	87
378.187	87
378.263	86
378.325	87
378.391	86
378.465	85
378.543	84
378.657	83
378.72	85
378.822	84
378.898	83
378.958	82
379.019	83
379.109	82
379.174	83
379.233	82
379.321	83
379.383	82
379.454	81
379.514	80
379.621	82
379.682	81
379.754	80
379.815	81
379.891	80
379.953	81
380.013	80
380.077	80
380.157	79
380.219	78
380.292	77
380.372	76
380.461	75
380.558	76
380.627	78
380.695	77
380.76	78
380.823	77
380.893	77
380.956	76
381.018	77
381.08	79
381.149	78
381.212	77
381.281	78
381.37	79
381.443	80
381.51	79
381.578	78
381.65	78
381.718	78
381.778	80
381.855	79
381.929	78
381.992	79
382.061	78
382.166	80
382.228	82
382.296	84
382.363	83
382.431	82
382.491	83
382.548	84
382.609	86
382.668	85
382.783	84
382.845	86
382.911	85
382.973	84
383.061	83
383.129	82
383.194	81
383.278	82
383.339	83
383.412	82
383.484	81
383.58	80
383.647	79
383.712	80
383.774	81
383.85	83
383.914	82
383.989	81
384.074	82
384.137	84
384.222	83
384.287	83
384.351	82
384.417	81
384.479	80
384.556	82
384.663	82
384.724	81
384.808	80
384.871	81
384.935	83
385.005	85
385.078	84
385.154	85
385.226	87
385.295	86
385.37	85
385.434	86
385.494	85
385.555	84
385.625	84
385.717	86
385.825	87
385.886	86
385.943	88
386	87
386.086	86
386.145	85
386.209	84
386.287	83
386.347	82
386.407	81
386.487	80
386.549	79
386.622	78
386.721	77
386.786	78
386.85	79
386.945	78
387.012	77
387.08	79
387.144	78
387.205	79
387.265	78
387.423	79
387.571	80
387.632	79
387.716	78
387.802	77
387.89	78
387.959	77
388.029	79
388.099	78
388.168	80
388.227	81
388.302	80
388.412	82
388.474	81
388.553	82
388.626	81
388.698	83
388.759	82
388.857	83
388.917	82
389.004	81
389.159	82
389.243	81
389.317	80
389.381	79
389.443	80
389.518	81
389.59	83
389.655	84
389.719	84
389.778	83
389.85	85
389.909	87
389.968	86
390.025	85
390.102	84
390.18	85
390.246	86
390.31	88
390.384	87
390.457	86
390.534	85
390.663	84
390.748	85
390.808	84
390.868	83
390.927	85
390.985	84
391.057	83
391.13	84
391.204	85
391.282	84
391.345	83
391.431	83
391.502	82
391.611	83
391.68	84
391.761	83
391.836	82
391.92	83
391.988	84
392.052	83
392.154	83
392.22	82
392.28	82
392.344	84
392.414	86
392.5	88
392.597	90
392.659	91
392.718	93
392.773	92
392.837	91
392.897	90
392.963	92
393.024	94
393.093	95
393.149	95
393.208	97
393.266	96
393.334	97
393.404	96
393.46	98
393.548	99
393.647	98
393.709	97
393.776	96
393.843	95
393.896	94
393.955	95
394.011	97
394.07	98
394.133	100
394.184	99
394.247	100
394.304	99
394.362	100
394.422	102
394.475	101
394.553	102
394.605	101
394.659	102
394.714	103
394.767	103
394.838	102
394.893	104
394.945	103
395.009	102
395.061	101
395.116	102
395.169	103
395.255	105
395.319	107
395.378	109
395.432	111
395.48	110
395.536	109
395.586	108
395.644	108
395.703	107
395.795	106
395.85	105
395.917	104
395.979	105
396.037	104
396.093	105
396.147	106
396.2	107
396.264	109
396.316	108
396.365	107
396.426	106
396.505	105
396.556	104
396.608	106
396.659	105
396.721	104
396.772	105
396.842	104
396.894	103
396.948	102
397.019	101
397.12	102
397.176	101
397.232	102
397.299	101
397.366	100
397.434	99
397.506	101
397.581	102
397.633	101
397.706	100
397.761	99
397.831	100
397.883	99
397.942	98
398.018	99
398.077	100
398.129	99
398.186	98
398.253	97
398.326	97
398.394	99
398.45	100
398.504	102
398.564	101
398.636	100
398.688	101
398.747	102
398.803	101
398.855	102
398.909	104
398.962	106
399.019	106
399.092	106
399.151	105
399.202	104
399.253	103
399.361	104
399.414	103
399.48	102
399.554	103
399.61	103
399.697	102
399.75	101
399.829	100
399.882	102
399.956	104
400.039	103
400.16	104
400.211	103
400.265	102
400.317	103
400.398	102
400.462	101
400.533	102
400.587	101
400.657	100
400.746	99
400.802	100
400.857	99
400.916	98
400.973	98
401.038	99
401.118	100
401.184	99
401.248	98
401.31	99
401.364	101
401.426	100
401.48	99
401.536	98
401.596	97
401.651	96
401.708	97
401.774	96
401.856	95
401.92	94
401.974	96
402.052	97
402.108	99
402.16	98
402.212	97
402.271	96
402.33	95
402.395	95
402.475	97
402.544	96
402.598	95
402.66	94
402.721	93
402.789	93
402.859	94
402.919	93
402.991	92
403.072	93
403.154	92
403.238	93
403.295	95
403.385	94
403.458	93
403.513	92
403.574	91
403.629	93
403.691	92
403.746	91
403.805	91
403.872	91
403.932	90
404.021	90
404.082	89
404.163	88
404.236	87
404.343	86
404.42	88
404.511	87
404.576	89
404.649	88
404.716	88
404.79	87
404.881	88
404.944	90
405.01	89
405.077	91
405.132	90
405.196	89
405.254	90
405.315	89
405.378	90
405.434	89
405.498	88
405.562	87
405.633	86
405.703	88
405.785	89
405.847	88
405.91	87
405.978	88
406.062	90
406.145	89
406.202	88
406.307	89
406.365	88
406.43	89
406.503	88
406.571	90
406.642	92
406.709	91
406.77	90
406.844	89
406.913	90
406.975	92
407.03	91
407.095	90
407.155	91
407.215	93
407.278	92
407.339	93
407.414	92
407.483	94
407.547	96
407.601	95
407.669	96
407.724	95
407.781	96
407.839	97
407.922	97
407.98	98
408.068	99
408.125	98
408.184	97
408.237	99
408.291	100
408.344	99
408.43	101
408.498	103
408.552	105
408.611	107
408.699	109
408.749	111
408.805	110
408.855	112
408.904	114
408.963	115
409.011	116
409.064	118
409.115	120
409.181	121
409.239	120
409.29	119
409.344	118
409.4	118
409.448	117
409.495	116
409.545	115
409.595	114
409.651	113
409.708	112
409.758	114
409.83	113
409.884	112
409.934	111
409.994	112
410.059	114
410.123	113
410.175	115
410.225	117
410.274	116
410.322	117
410.376	116
410.424	117
410.477	117
410.525	119
410.573	118
410.641	120
410.694	119
410.767	118
410.816	120
410.88	119
410.947	121
410.999	120
411.055	119
411.118	120
411.168	119
411.224	120
411.28	119
411.331	121
411.385	120
411.453	121
411.499	120
411.55	119
411.598	118
411.646	119
411.703	118
411.754	118
411.813	118
411.868	120
411.916	119
411.97	118
412.017	117
412.066	116
412.113	115
412.162	114
412.213	113
412.264	112
412.313	111
412.363	113
412.427	112
412.488	111
412.544	110
412.611	111
412.663	110
412.712	109
412.775	108
412.839	107
412.896	108
412.95	107
413.006	106
413.06	105
413.146	104
413.212	106
413.269	105
413.328	104
413.381	103
413.433	102
413.486	101
413.54	103
413.603	105
413.672	106
413.727	105
413.788	104
413.844	104
413.894	103
413.953	102
414.013	104
414.067	103
414.144	102
414.201	101
414.267	101
414.34	103
414.407	104
414.472	103
414.536	102
414.591	101
414.688	102
414.748	101
414.839	103
414.927	105
415.009	104
415.061	103
415.123	105
415.175	107
415.224	106
415.283	107
415.335	106
415.386	105
415.448	106
415.513	108
415.568	107
415.625	106
415.683	105
415.734	104
415.805	103
415.872	102
415.932	103
416.005	104
416.075	103
416.132	105
416.183	107
416.237	107
416.286	106
416.338	106
416.395	105
416.461	107
416.524	106
416.58	105
416.631	104
416.694	103
416.748	105
416.823	104
416.874	106
416.933	107
416.993	106
417.045	107
417.106	106
417.195	106
417.261	105
417.331	104
417.392	104
417.472	105
417.562	107
417.615	108
417.664	107
417.716	109
417.769	111
417.828	110
417.888	109
417.95	110
417.998	111
418.056	110
418.109	109
418.16	109
418.215	108
418.269	109
418.336	108
418.392	108
418.451	107
418.501	108
418.568	110
418.625	109
418.686	108
418.738	109
418.788	108
418.856	109
418.907	108
418.962	107
419.014	106
419.101	108
419.204	107
419.288	106
419.342	105
419.435	106
419.486	108
419.539	107
419.589	106
419.639	105
419.703	107
419.758	106
419.818	105
419.896	104
419.964	105
420.031	107
420.11	106
420.16	105
420.213	106
420.267	105
420.325	104
420.392	105
420.45	106
420.523	105
420.574	106
420.624	108
420.676	107
420.74	107
420.799	106
420.85	105
420.924	106
420.98	108
421.054	107
421.103	108
421.159	107
421.222	109
421.281	108
421.348	110
421.421	112
421.478	111
421.534	113
421.586	112
421.643	111
421.694	110
421.747	109
421.809	108
421.859	107
421.911	106
421.974	105
422.044	104
422.1	105
422.16	107
422.211	109
422.26	108
422.314	107
422.364	107
422.417	109
422.48	110
422.541	109
422.617	111
422.67	112
422.732	113
422.786	115
422.844	115
422.907	114
422.968	113
423.044	112
423.096	112
423.144	111
423.199	111
423.248	113
423.305	115
423.37	114
423.423	116
423.486	115
423.567	114
423.618	116
423.666	118
423.711	119
423.766	120
423.812	119
423.861	118
423.908	119
423.954	118
424.002	117
424.048	119
424.108	118
424.155	117
424.213	116
424.262	115
424.313	117
424.36	116
424.412	115
424.464	114
424.524	116
424.573	115
424.623	114
424.671	113
424.737	112
424.809	113
424.877	114
424.947	116
425.006	117
425.071	116
425.117	117
425.183	116
425.231	115
425.278	114
425.326	114
425.397	116
425.451	117
425.503	117
425.549	119
425.595	119
425.666	120
425.714	119
425.773	120
425.831	119
425.888	120
425.934	119
425.98	121
426.038	120
426.083	121
426.14	122
426.187	121
426.242	120
426.312	121
426.36	123
426.408	122
426.483	124
426.532	123
426.58	122
426.641	122
426.693	123
426.746	122
426.81	124
426.871	123
426.924	122
426.974	123
427.02	125
427.065	126
427.109	125
427.158	124
427.208	123
427.277	122
427.325	122
427.39	123
427.443	124
427.499	125
427.582	124
427.649	123
427.696	122
427.782	123
427.833	122
427.886	121
427.933	122
427.987	121
428.032	120
428.085	119
428.148	118
428.195	117
428.244	116
428.329	115
428.424	114
428.474	113
428.533	112
428.582	112
428.645	113
428.699	114
428.765	113
428.82	114
428.868	113
428.941	115
428.992	114
429.064	113
429.137	112
429.197	111
429.252	112
429.304	113
429.359	112
429.412	111
429.463	110
429.517	110
429.565	109
429.634	111
429.689	111
429.748	110
429.839	109
429.943	108
429.995	107
430.046	108
430.105	110
430.166	111
430.216	111
430.272	110
430.326	109
430.38	108
430.434	110
430.494	112
430.58	111
430.635	110
430.685	109
430.744	111
430.814	112
430.864	111
430.913	110
430.967	111
431.04	110
431.095	109
431.163	108
431.224	110
431.28	112
431.334	111
431.386	110
431.474	112
431.525	111
431.577	110
431.633	109
431.696	108
431.751	107
431.809	106
431.871	107
431.921	109
431.979	108
432.038	108
432.094	110
432.146	109
432.199	108
432.256	107
432.312	106
432.382	105
432.433	106
432.521	105
432.585	107
432.643	109
432.698	110
432.748	110
432.809	109
432.86	111
432.911	110
432.973	109
433.032	111
433.082	111
433.141	113
433.19	112
433.256	113
433.321	112
433.386	111
433.435	110
433.486	109
433.537	108
433.593	107
433.648	109
433.712	111
433.768	111
433.827	111
433.877	110
433.929	109
433.983	108
434.034	108
434.086	109
434.137	110
434.212	111
434.266	110
434.318	112
434.366	114
434.42	113
434.469	114
434.523	113
434.579	115
434.632	114
434.685	113
434.739	114
434.793	113
434.843	114
434.905	113
434.981	113
435.041	114
435.101	113
435.155	112
435.203	111
435.257	110
435.314	109
435.368	110
435.427	111
435.5	110
435.553	112
435.613	113
435.667	114
435.725	115
435.78	116
435.853	115
435.903	114
435.952	113
436.001	112
436.051	111
436.103	111
436.153	110
436.215	109
436.277	111
436.327	110
436.377	109
436.438	108
436.488	107
436.551	106
436.624	105
436.678	106
436.732	105
436.797	104
436.864	103
436.931	102
436.982	101
437.039	100
437.095	101
437.149	101
437.201	100
437.279	99
437.352	98
437.413	97
437.47	98
437.541	100
437.601	101
437.66	100
437.73	99
437.787	98
437.848	97
437.901	96
437.956	97
438.012	96
438.071	95
438.143	96
438.196	97
438.252	96
438.306	95
438.366	94
438.472	93
438.533	92
438.597	93
438.661	95
438.729	94
438.796	93
438.865	92
438.922	94
438.977	96
439.04	98
439.101	99
439.153	101
439.212	100
439.274	99
439.325	100
439.388	99
439.451	98
439.511	100
439.571	99
439.671	98
439.732	97
439.784	97
439.853	98
439.929	97
439.982	98
440.064	97
440.131	98
440.193	97
440.245	97
440.301	96
440.357	98
440.439	97
440.493	96
440.557	95
440.612	94
440.67	93
440.739	92
440.797	91
440.857	90
440.933	89
440.994	88
441.051	87
441.145	89
441.216	91
441.271	90
441.333	89
441.391	90
441.448	89
441.511	91
441.58	90
441.649	92
441.711	94
441.782	93
441.847	93
441.902	95
441.955	96
442.008	95
442.06	94
442.116	93
442.17	92
442.225	91
442.325	90
442.386	91
442.446	93
442.506	92
442.569	91
442.626	90
442.682	91
442.758	90
442.844	92
442.912	94
442.972	95
443.024	94
443.111	93
443.17	95
443.231	96
443.285	98
443.348	97
443.4	99
443.454	100
443.521	99
443.575	98
443.627	97
443.763	96
443.815	98
443.87	97
443.958	96
444.015	96
444.069	95
444.123	97
444.179	99
444.229	98
444.312	99
444.363	98
444.418	99
444.492	101
444.542	103
444.6	102
444.656	101
444.732	100
444.786	100
444.84	99
444.895	98
444.958	99
445.021	101
445.072	100
445.127	101
445.182	103
445.235	102
445.309	101
445.362	102
445.417	101
445.468	100
445.601	101
445.652	100
445.714	99
445.773	98
445.831	99
445.9	100
445.995	99
446.054	101
446.108	100
446.174	102
446.24	101
446.293	100
446.348	99
446.402	98
446.465	97
446.52	96
446.575	95
446.638	94
446.692	95
446.745	96
446.802	98
446.862	97
446.92	96
447.006	95
447.078	94
447.133	93
447.193	94
447.269	93
447.335	94
447.416	93
447.473	92
447.527	91
447.612	92
447.676	91
447.768	93
447.828	95
447.881	97
447.948	99
448.005	99
448.097	98
448.155	97
448.209	96
448.267	95
448.329	94
448.385	93
448.44	92
448.51	91
448.566	92
448.621	91
448.724	90
448.79	89
448.847	88
448.919	87
448.984	86
449.044	88
449.104	87
449.171	89
449.23	88
449.288	88
449.346	90
449.409	90
449.473	89
449.564	90
449.624	92
449.678	91
449.737	91
449.839	93
449.901	92
449.96	91
450.016	90
450.088	89
450.193	91
450.248	90
450.305	89
450.386	90
450.441	89
450.505	91
450.582	92
450.638	91
450.714	90
450.784	89
450.853	91
450.915	90
450.977	91
451.039	90
451.095	91
451.17	91
451.227	93
451.29	92
451.353	93
451.408	92
451.466	92
451.54	92
451.598	91
451.664	90
451.736	92
451.801	91
451.859	90
451.917	89
452.002	88
452.118	89
452.174	88
452.234	89
452.294	88
452.352	87
452.424	86
452.48	86
452.573	87
452.641	89
452.713	91
452.77	90
452.849	89
452.922	88
453.009	88
453.066	89
453.126	88
453.188	90
453.245	89
453.299	91
453.358	92
453.415	91
453.477	90
453.535	89
453.595	91
453.649	90
453.704	89
453.759	88
453.831	89
453.903	88
453.961	87
454.016	89
454.073	88
454.131	89
454.195	88
454.261	88
454.32	87
454.376	88
454.458	87
454.513	89
454.587	88
454.668	90
454.723	92
454.776	91
454.854	90
454.918	89
454.976	88
455.044	89
455.101	88
455.181	90
455.268	89
455.327	90
455.402	92
455.475	94
455.563	93
455.621	95
455.684	94
455.78	95
455.836	94
455.898	96
455.988	98
456.041	97
456.095	96
456.149	97
456.204	97
456.261	99
456.314	98
456.366	99
456.44	100
456.496	99
456.56	101
456.621	103
456.716	105
456.782	104
456.84	105
456.904	107
456.953	109
457.007	111
457.063	111
457.127	110
457.175	109
457.238	110
457.287	109
457.335	111
457.393	110
457.44	112
457.502	111
457.549	110
457.608	112
457.657	111
457.716	110
457.764	109
457.815	108
457.87	107
457.925	106
457.989	105
458.054	104
458.111	103
458.169	102
458.226	101
458.283	103
458.341	105
458.394	104
458.443	103
458.51	105
458.566	104
458.626	106
458.675	108
458.744	107
458.798	106
458.848	105
458.904	104
458.956	103
459.009	102
459.075	101
459.14	103
459.2	104
459.286	103
459.339	102
459.414	103
459.485	102
459.536	104
459.595	103
459.648	104
459.699	103
459.753	102
459.813	101
459.866	103
459.932	104
459.984	105
460.034	106
460.094	105
460.144	105
460.194	107
460.247	109
460.318	110
460.374	111
460.422	112
460.478	111
460.532	112
460.581	114
460.632	113
460.686	112
460.733	111
460.783	110
460.852	109
460.906	108
460.984	107
461.042	106
461.092	108
461.151	107
461.205	106
461.291	106
461.341	108
461.401	108
461.45	107
461.509	106
461.587	108
461.641	109
461.707	110
461.758	109
461.81	108
461.861	107
461.908	106
461.961	108
462.016	107
462.087	106
462.143	105
462.206	104
462.267	103
462.319	102
462.378	101
462.445	100
462.503	99
462.554	98
462.617	97
462.67	96
462.742	95
462.798	97
462.87	96
462.921	95
462.996	97
463.048	96
463.099	95
463.154	94
463.213	96
463.276	97
463.337	96
463.394	95
463.452	96
463.506	95
463.56	94
463.616	93
463.671	92
463.733	93
463.786	92
463.863	93
463.944	95
464.029	94
464.083	93
464.135	94
464.189	96
464.247	95
464.301	97
464.36	98
464.42	100
464.472	101
464.529	102
464.594	101
464.649	100
464.707	99
464.777	101
464.836	103
464.89	102
464.939	101
464.993	103
465.06	102
465.125	101
465.179	103
465.24	105
465.292	107
465.351	108
465.411	107
465.474	108
465.539	109
465.589	108
465.657	109
465.706	111
465.753	110
465.802	109
465.855	108
465.915	109
465.968	108
466.025	107
466.078	106
466.126	108
466.174	110
466.225	112
466.281	113
466.336	112
466.393	111
466.441	110
466.504	112
466.568	111
466.616	110
466.668	112
466.749	111
466.799	112
466.858	113
466.924	112
466.975	111
467.071	113
467.128	114
467.176	115
467.236	115
467.297	114
467.345	115
467.395	115
467.443	114
467.503	113
467.561	112
467.608	114
467.654	113
467.7	112
467.748	111
467.795	113
467.888	112
467.949	111
468	110
468.052	109
468.105	110
468.153	109
468.201	110
468.249	109
468.297	108
468.373	110
468.42	111
468.477	112
468.534	113
468.581	112
468.629	111
468.677	110
468.748	109
468.8	108
468.851	109
468.899	108
468.969	107
469.019	106
469.08	105
469.134	104
469.187	105
469.243	106
469.295	105
469.357	104
469.419	103
469.468	105
469.567	104
469.625	106
469.69	105
469.756	104
469.806	105
469.86	104
469.925	105
469.976	104
470.046	103
470.096	102
470.158	101
470.209	100
470.262	99
470.346	98
470.403	97
470.459	96
470.519	98
470.588	100
470.646	99
470.72	98
470.786	100
470.838	102
470.888	101
470.971	100
471.042	101
471.106	100
471.165	101
471.226	102
471.276	101
471.353	103
471.403	105
471.46	104
471.512	106
471.575	108
471.636	107
471.687	106
471.736	105
471.785	104
471.842	103
471.937	102
471.989	103
472.039	105
472.113	104
472.167	104
472.223	105
472.279	104
472.334	104
472.387	103
472.438	102
472.497	101
472.556	102
472.633	104
472.701	103
472.758	102
472.832	101
472.892	103
472.946	105
473.023	104
473.1	106
473.194	107
473.295	106
473.39	107
473.44	106
473.502	105
473.556	104
473.605	103
473.655	102
473.712	101
473.768	100
473.83	101
473.907	100
473.985	101
474.04	100
474.091	99
474.168	98
474.246	99
474.297	98
474.349	97
474.404	96
474.465	97
474.538	97
474.603	96
474.656	98
474.707	97
474.759	96
474.82	98
474.874	100
474.963	101
475.016	100
475.076	102
475.128	101
475.203	102
475.254	103
475.315	104
475.366	103
475.43	102
475.484	101
475.541	100
475.604	99
475.667	98
475.735	100
475.794	99
475.864	98
475.918	97
475.981	96
476.053	98
476.11	97
476.164	98
476.234	97
476.286	96
476.386	95
476.443	96
476.502	95
476.563	94
476.64	93
476.698	95
476.764	94
476.824	96
476.882	98
476.944	97
476.999	96
477.054	95
477.125	94
477.179	93
477.237	92
477.294	91
477.362	90
477.427	92
477.484	94
477.537	95
477.6	94
477.658	95
477.715	96
477.768	95
477.831	96
477.885	95
477.95	95
478.033	97
478.086	96
478.147	98
478.202	97
478.271	99
478.4	98
478.459	97
478.523	99
478.624	98
478.676	99
478.731	98
478.787	100
478.843	99
478.907	98
478.963	100
479.03	99
479.097	98
479.15	97
479.223	96
479.294	95
479.361	96
479.416	96
479.47	95
479.527	97
479.592	97
479.648	96
479.704	95
479.772	96
479.827	95
479.887	96
479.951	95
480.005	94
480.163	93
480.22	95
480.274	94
480.327	94
480.389	96
480.443	97
480.496	99
480.567	101
480.636	100
480.702	99
480.754	98
480.856	100
480.918	99
480.973	98
481.035	99
481.106	98
481.165	99
481.221	98
481.292	97
481.391	96
481.446	97
481.513	98
481.576	97
481.647	96
481.712	97
481.772	96
481.835	97
481.912	96
481.966	98
482.018	97
482.081	98
482.15	97
482.22	99
482.272	98
482.34	98
482.398	97
482.454	98
482.535	97
482.588	96
482.65	95
482.713	94
482.805	96
482.865	96
482.921	97
482.983	99
483.036	98
483.088	97
483.142	96
483.199	97
483.277	96
483.329	95
483.392	96
483.471	97
483.533	99
483.636	100
483.692	99
483.747	101
483.806	100
483.86	99
483.932	100
483.989	99
484.043	101
484.124	100
484.177	99
484.234	98
484.301	99
484.363	101
484.422	103
484.505	102
484.577	101
484.662	102
484.728	101
484.787	102
484.843	104
484.907	106
484.958	107
485.024	106
485.077	105
485.131	107
485.181	106
485.232	105
485.287	104
485.348	105
485.406	104
485.456	103
485.523	104
485.574	103
485.631	102
485.686	104
485.743	106
485.797	106
485.849	108
485.899	107
486.034	108
486.093	107
486.156	106
486.243	105
486.293	107
486.343	107
486.396	109
486.454	108
486.503	107
486.556	106
486.615	105
486.666	104
486.717	103
486.775	102
486.828	104
486.885	103
486.945	103
487.01	105
487.062	104
487.118	105
487.169	104
487.234	103
487.285	105
487.336	104
487.392	103
487.444	105
487.505	104
487.569	103
487.642	102
487.728	103
487.78	102
487.836	101
487.901	100
487.955	99
488.031	99
488.085	98
488.154	97
488.214	98
488.304	97
488.371	96
488.424	95
488.482	96
488.536	97
488.589	99
488.643	101
488.702	103
488.768	102
488.825	101
488.876	103
488.941	102
488.995	103
489.049	102
489.112	101
489.18	100
489.234	99
489.291	98
489.353	97
489.416	96
489.473	95
489.554	97
489.61	96
489.681	95
489.776	96
489.852	98
489.908	97
489.961	96
490.049	95
490.116	97
490.204	97
490.257	96
490.32	95
490.41	95
490.465	94
490.523	95
490.577	94
490.636	96
490.696	97
490.75	99
490.84	98
490.942	97
491.034	96
491.098	95
491.152	96
491.207	97
491.26	98
491.314	99
491.367	98
491.42	99
491.485	98
491.573	99
491.646	98
491.7	100
491.784	99
491.843	100
491.915	99
491.973	101
492.049	100
492.117	102
492.178	104
492.23	103
492.29	105
492.343	104
492.408	105
492.465	104
492.554	103
492.616	102
492.682	101
492.774	102
492.826	103
492.935	102
492.998	101
493.052	100
493.108	99
493.166	98
493.221	99
493.28	98
493.345	97
493.431	98
493.489	98
493.545	97
493.602	96
493.67	98
493.746	100
493.807	99
493.864	101
493.916	103
493.974	102
494.026	101
494.085	100
494.137	99
494.193	98
494.248	97
494.311	96
494.37	97
494.426	96
494.488	95
494.58	94
494.653	93
494.73	92
494.797	93
494.857	92
494.912	91
494.968	90
495.025	89
495.102	90
495.162	92
495.223	93
495.289	95
495.348	97
495.408	96
495.467	95
495.535	94
495.6	94
495.66	96
495.734	96
495.789	95
495.851	94
495.906	93
495.979	95
496.033	94
496.092	93
496.147	94
496.202	93
496.273	92
496.337	91
496.401	90
496.477	92
496.534	94
496.598	93
496.656	92
496.726	91
496.784	90
496.86	89
496.931	90
497.025	89
497.082	90
497.143	92
497.198	94
497.253	93
497.308	92
497.368	91
497.429	90
497.507	90
497.57	89
497.64	88
497.698	87
497.759	88
497.816	89
497.883	88
497.945	87
498.006	86
498.093	87
498.155	88
498.213	89
498.278	88
498.336	87
498.398	89
498.455	91
498.543	90
498.62	89
498.695	90
498.77	89
498.849	88
498.923	90
498.989	89
499.092	88
499.15	90
499.236	89
499.292	91
499.348	90
499.424	89
499.485	91
499.547	90
499.605	91
499.67	90
499.748	92
499.834	94
499.9	96
499.958	95
500.017	94
